Getting mols... 
0.0933808
0.416002
0.244853
0.143283
3.07175e-21
6.648e-08
7.04853e-08
0.000808775
6.27574e-09
0.106288
0.194254
0.15657
1.39707e-15
0.000118029
0.000236439
0.000141766
1.12106e-19
3.06935e-05
0.000832339
0.16135
4.4304e-07
0.298066
0.623148
0.298008
4.72011e-13
6.34209e-05
0.00206961
0.0168
0.377352
0.157724
5.15752e-07
0.272137
0.184251
0.0642916
0.00518633
3.26627e-08
7.84498e-21
9.64512e-51
5.96291e-07
5.84547e-08
4.57244e-06
0.00304565
0.00228161
8.72555e-09
6.50001e-23
0.0647775
0.0789845
0.42632
0.00608468
4.80645e-08
6.0248e-15
1.14748e-28
2.12019e-05
3.04245e-05
0.216976
3.41385e-06
1.55617e-08
9.16247e-20
4.31129e-36
0.000129053
0.0123427
0.157409
0.111572
0.126637
1.60555e-06
1.75896e-23
0.366332
0.392926
0.268787
0.00649781
0.000335819
6.83587e-13
1.89821e-36
0.000849718
0.000824458
0.000342442
0.0100209
0.319809
0.187741
8.49379e-06
0.356546
0.330384
0.343151
0.000141342
3.29291e-08
2.20184e-05
2.83182e-13
7.3948e-09
1.03467e-11
5.97952e-15
2.57515e-42
0.0655614
0.268254
0.192727
0.00682256
0.00147662
2.41042e-07
2.02274e-18
2.05666e-05
3.16184e-05
0.000599808
8.56277e-08
2.97605e-09
1.70578e-14
3.06628e-23
0.000168387
0.440299
0.282092
6.97236e-09
5.50777e-11
6.62064e-18
1.68344e-30
0.43096
0.281425
0.00221647
0.285201
0.0451117
9.74599e-05
9.32183e-18
0.000586367
0.0101907
5.15448e-09
0.000354938
1.1728e-05
1.00906e-08
1.63317e-29
0.241676
0.125709
0.538372
0.489166
0.0122809
0.0981653
0.0232323
0.00115463
0.20134
0.000576023
0.000218425
1.40004e-24
0.00171066
0.000504483
1.49199e-05
0.0365727
0.0640451
4.42869e-11
7.8348e-09
5.89446e-13
8.09421e-14
2.97689e-05
2.62834e-09
3.48954e-17
1.23213e-05
0.0162051
7.85002e-08
6.27602e-05
0.444375
3.98716e-23
0.0992322
0.00137324
0.000655225
0.157725
0.000137413
1.7587e-08
0.339399
0.287303
0.381768
0.106053
0.026251
7.21864e-16
0.280487
0.156373
0.450728
0.0884203
0.0423167
0.00584873
0.00277393
4.61734e-24
9.9878e-10
1.62674e-05
0.00118219
3.88256e-10
5.48241e-20
1.03843e-12
1.03072e-09
7.26632e-17
2.27545e-10
1.55222e-11
9.78987e-07
4.51395e-21
2.46904e-06
0.0100845
0.0265786
1.50692e-08
0.0551771
0.0484174
0.0343457
4.89489e-15
0.518242
0.275204
0.431675
0.0479429
0.000992318
0.00245734
0.00982222
3.61083e-26
0.0193964
0.000287933
1.71103e-07
5.007e-12
2.88081e-07
7.68542e-11
3.48194e-17
1.08516e-18
5.11295e-06
3.14173e-10
3.01934e-11
3.31684e-24
0.113554
0.0480126
6.63337e-05
9.68236e-10
0.0574145
0.134084
0.0948724
5.82638e-17
0.564756
0.269677
0.532401
0.0115888
0.0153443
0.000151718
8.18936e-05
0.00209649
0.0370721
1.68023e-12
1.50336e-08
8.66779e-05
4.05987e-08
5.57359e-08
9.18697e-06
0.00369058
0.165616
0.213019
0.184147
0.274837
0.0692118
0.283855
0.515154
0.582577
0.0852785
0.0615662
0.0110059
3.27341e-05
0.00927379
0.00194333
2.43656e-27
0.00331351
0.0440953
0.000143193
0.140508
9.26459e-13
2.78842e-08
0.000171076
2.47368e-12
2.56084e-05
6.49409e-19
5.32591e-05
8.01952e-06
1.14047e-08
0.249103
2.26618e-25
0.174532
0.224597
0.00561503
0.0205234
4.11752e-10
0.218135
0.0402986
0.156696
0.0834567
4.1938e-18
0.609207
0.294423
0.489781
0.0874415
0.107469
0.00657689
1.566e-05
1.09246e-26
0.000653567
0.00753858
0.0551358
2.42692e-12
5.01348e-11
1.19619e-07
0.000355526
2.88117e-18
8.28411e-07
7.27615e-07
2.708e-05
7.49624e-25
0.0072939
0.262149
0.244536
1.3439e-09
0.325464
0.279068
0.033567
1.21597e-17
0.488654
0.200771
0.47438
0.132111
0.0079236
0.0599583
0.0451571
2.76747e-22
0.0101157
0.000519853
3.9016e-07
2.04567e-08
6.14658e-07
4.75242e-10
4.05911e-16
3.43856e-14
0.000143623
1.49033e-07
4.94512e-08
1.05145e-18
0.0855768
0.0391302
4.16486e-05
9.24456e-07
0.147994
0.435567
0.277641
1.26875e-13
0.502398
0.243303
0.51991
0.103749
0.000485393
0.0236738
0.0197498
0.000980523
0.0438162
0.00118543
3.2856e-05
0.0254245
1.45962e-05
3.49734e-09
6.13765e-13
4.10727e-09
2.05925e-05
0.000340531
9.4077e-08
0.136429
0.194762
0.100734
0.00178411
0.00266925
0.0841684
0.318224
0.213994
0.210317
0.512065
0.284907
0.56691
6.61703e-05
0.0122037
0.00925092
0.0416514
0.00292805
0.000143307
0.000136009
2.82201e-08
3.82784e-12
9.02537e-06
4.53684e-08
3.29081e-08
0.218995
0.197241
0.0056962
0.0502667
0.249987
0.168086
0.572067
0.289982
0.511521
0.0771393
0.0107453
0.0141819
5.79642e-05
1.11561e-26
0.000225894
0.00413885
0.0434906
1.70227e-12
7.88999e-12
3.84012e-08
0.000183012
1.36179e-18
1.14347e-07
1.55356e-07
1.06035e-05
4.22038e-25
0.00565957
0.215116
0.224242
9.76178e-10
0.208303
0.309394
0.0524006
1.19931e-17
0.550434
0.0473247
6.01978e-07
1.41638e-30
0.0770917
3.79367e-14
5.10041e-05
8.89948e-20
8.16552e-06
5.66025e-27
0.251467
1.44007e-11
0.00567115
1.15693e-20
0.462633
0.140503
0.215966
0.497157
0.130281
0.0457749
0.0902402
0.0554066
0.00600088
5.56808e-22
2.96932e-07
8.04634e-07
0.00023573
0.00848161
1.93335e-08
1.31685e-16
2.38389e-16
8.64643e-11
3.71128e-07
1.96363e-14
1.38257e-08
0.00135943
2.8404e-06
0.00017408
8.9672e-19
3.28855e-05
4.446e-05
0.0212815
0.0652121
8.80973e-07
0.279759
0.364397
0.436005
0.153694
2.14505e-13
0.49007
0.272715
0.574387
0.0812485
0.077549
4.3018e-05
0.0122321
0.0103057
0.000256891
2.84447e-26
0.0322694
0.00328425
0.000221009
0.00127997
3.78562e-12
0.000141471
2.58318e-08
7.89013e-12
5.14496e-11
2.93876e-18
7.86011e-06
1.73403e-05
4.49776e-08
0.0385072
1.37281e-24
0.19395
0.164721
0.0073263
0.0113432
1.78984e-09
0.0440744
0.243142
0.182365
0.103839
2.89245e-17
0.217522
0.866541
kenn: 0.866541
0.511032
0.000143473
2.02059e-08
1.59744e-10
3.55082e-17
0.907296
kenn: 0.907296
0.330782
0.000169259
0.425087
0.164276
0.0638347
0.000993595
0.197259
0.000553566
3.37976e-18
0.40909
0.353848
0.178929
0.0130326
0.0156035
5.97979e-08
4.4718e-24
0.173375
0.244168
0.222944
0.179649
0.000897703
5.67175e-07
3.54287e-23
0.0215821
0.155032
0.596211
0.404122
0.510773
0.150032
2.12278e-06
0.399699
0.486114
0.353679
0.0121967
0.555907
0.342421
0.000402534
0.384845
0.233279
0.00581051
4.76848e-13
0.184001
0.443558
0.0349737
0.0352836
0.00549343
2.30506e-06
1.78974e-18
1.06795e-08
6.09263e-11
7.14155e-11
0.169179
1.02208e-12
0.276579
0.0552237
0.000722239
0.000530594
0.814651
kenn: 0.814651
1.70787e-05
0.210914
0.0556661
0.029871
0.00404417
0.235227
0.0175523
2.42451e-05
0.257408
0.453762
0.0167462
0.0970712
0.502508
3.65648e-10
1.78462e-11
5.56091e-08
0.239615
0.772582
kenn: 0.772582
0.000591573
0.0943598
0.642844
0.228303
1.49911e-06
0.0045704
0.0617572
1.69499e-05
2.35849e-05
0.000504697
0.0271238
1.19753e-09
0.207181
3.39933e-07
1.96229e-10
0.364066
0.699937
0.083246
0.000685886
0.221983
0.159508
0.0266458
0.000106006
2.72576e-06
0.088407
0.00608719
0.00161298
2.77589e-11
7.9925e-10
2.3383e-07
0.146962
0.00228911
0.119381
0.84292
kenn: 0.84292
0.00960353
0.0915
0.240292
0.0211955
0.0422306
0.098754
6.11702e-07
0.183775
7.75375e-09
6.70739e-09
0.312772
0.126986
0.83257
kenn: 0.83257
0.00331185
0.00340037
0.124136
0.193018
0.246804
0.010579
0.0916578
1.39519e-06
0.280866
0.108856
0.0272612
0.582688
7.6997e-12
7.30043e-09
2.61468e-07
0.149585
0.288142
0.00248087
0.110741
0.801394
kenn: 0.801394
0.118226
0.0367696
0.201378
0.290235
3.34692e-06
0.0868502
0.139335
0.151203
2.29976e-11
0.219088
9.02845e-10
1.07318e-11
0.791296
kenn: 0.791296
0.791994
kenn: 0.791994
0.0273397
0.000125641
0.312652
0.180989
0.0193864
0.000617723
0.000390081
0.0526032
0.0162373
0.00433666
7.70864e-08
0.191515
7.62253e-08
1.10772e-10
3.88591e-11
0.865952
kenn: 0.865952
0.0928449
0.00150343
0.00170554
0.2524
0.0918739
0.00660209
0.0655587
0.112767
0.122996
0.0136514
0.239793
0.208607
5.79056e-07
1.82147e-09
0.861819
kenn: 0.861819
0.134696
0.0031234
0.246523
0.126805
0.0121128
0.104313
0.0506718
0.0249543
1.74361e-09
3.84152e-07
0.164516
0.287662
0.00215093
0.116447
0.828471
kenn: 0.828471
0.121688
0.019761
0.141667
0.255605
2.63734e-06
0.0408215
0.0769444
0.117
1.60389e-11
0.263961
0.363029
0.795413
kenn: 0.795413
0.0734857
0.288841
9.94319e-08
0.14152
3.01697e-13
1.07101e-11
8.63558e-13
6.75403e-10
0.227326
0.821501
kenn: 0.821501
8.67274e-05
9.77104e-05
0.0220575
0.715404
kenn: 0.715404
0.322762
0.000483255
0.00202018
0.0126589
0.155635
0.000371286
0.00603553
0.326522
0.169146
0.0620971
7.15629e-08
0.160969
2.06883e-07
2.74233e-09
2.64529e-09
0.295934
0.827942
kenn: 0.827942
0.111496
0.00334433
0.00419726
0.14238
0.22882
0.159584
0.0156963
0.0895529
4.27166e-06
0.0916779
0.281556
0.0301358
0.681447
3.29336e-11
0.480135
0.146297
5.74154e-09
0.564571
0.596004
0.380565
0.00577209
0.00159789
2.28224e-06
3.04921e-23
0.0520987
0.264295
0.880315
0.416625
2.63598e-17
1.29233e-24
6.47511e-45
4.18529e-14
5.18949e-08
0.156734
0.729816
kenn: 0.729816
0.947441
0.374977
6.12495e-05
0.513408
0.155915
0.0185473
2.39053e-14
0.733386
kenn: 0.733386
0.439259
0.00553881
0.305115
0.0119576
3.70331e-05
4.97261e-21
0.230567
0.382707
0.107876
0.0249012
0.000777536
1.06802e-07
3.14928e-21
0.0253235
0.231365
0.00574562
0.000111961
1.0456e-07
3.82594e-13
1.73031e-32
0.171943
0.00350576
0.00220668
0.824248
kenn: 0.824248
1.17358e-05
0.26295
5.3452e-08
1.00217e-10
9.2351e-11
0.255191
3.45395e-13
0.470077
1.46339e-28
1.42201e-32
2.61158e-31
1.55516e-05
4.30607e-33
0.0179222
0.322935
0.00801188
0.00419483
0.616511
0.000301022
3.45063e-05
0.292092
0.00830855
0.00389764
0.348616
0.000867857
9.63482e-10
0.0289864
0.00591908
0.000887502
0.134686
0.00613092
8.81315e-13
0.0122557
0.0645128
0.00230605
0.0169965
0.110999
4.28807e-20
9.09026e-05
0.0625358
0.543351
0.172777
2.59568e-11
3.10258e-07
0.309527
0.837084
kenn: 0.837084
5.69796e-31
2.84858e-28
0.00170967
0.220957
0.000367174
0.116824
0.262901
6.59298e-06
9.91156e-05
0.0673477
0.108036
2.66452e-10
6.02976e-07
0.000656607
0.0246818
2.87517e-12
0.000172521
1.06638e-05
0.00198922
1.59988e-19
0.614817
0.121299
0.000573512
0.239425
0.268473
1.35236e-06
3.12404e-10
0.482267
0.000619959
3.07413e-26
6.86237e-30
0.00340415
0.392727
0.195864
0.00100896
2.32966e-06
0.219341
0.138592
0.000700232
2.48103e-11
0.0764017
0.00427656
1.99134e-05
3.99005e-14
0.00237453
9.73571e-05
6.14662e-05
6.45814e-22
0.00910654
0.239851
0.799802
kenn: 0.799802
1.04559e-09
1.27615e-06
0.210351
3.22585e-29
6.64013e-26
5.95752e-07
0.0173275
0.408855
0.548916
0.0165356
0.342278
0.310569
0.00295859
0.0212222
0.0815382
0.000945439
0.00134284
0.00417972
0.222745
0.795863
kenn: 0.795863
0.00982266
0.00975861
0.167243
3.06387e-06
0.275783
1.05075e-08
9.98061e-09
0.479429
6.94458e-25
5.62461e-05
2.49172e-28
6.86524e-29
0.0176389
0.353772
0.474545
0.0173001
0.0226856
1.88986e-06
0.278574
0.25143
0.0160921
0.0973503
1.48319e-11
0.0220486
0.0587499
0.00265875
0.257683
9.10919e-15
0.0073042
0.00160528
0.000382444
0.442033
1.24713e-22
0.00706156
0.224834
0.792144
kenn: 0.792144
0.161514
3.33715e-09
1.20236e-06
0.242748
0.444675
3.91096e-26
2.40861e-25
1.36385e-05
0.00908991
0.019348
0.407103
0.541993
5.32225e-06
0.0202701
0.378486
0.294039
6.37194e-11
0.00836634
0.0480119
0.0806551
3.36448e-14
0.012348
0.00248116
0.00389372
7.37147e-22
0.726203
kenn: 0.726203
0.0977238
0.000349943
0.305628
0.311208
4.0775e-09
9.43216e-12
0.934653
kenn: 0.934653
0.000221322
6.84104e-31
1.42763e-31
0.176593
0.460419
0.21228
0.000860599
0.000170231
0.266698
0.186345
0.000625017
2.82685e-08
0.1146
0.0187157
0.000200517
3.13906e-10
0.0453864
0.00574186
0.00376386
8.05129e-17
0.82859
kenn: 0.82859
0.193921
0.00643419
0.00768975
0.269044
4.05299e-07
1.2696e-10
8.56199e-11
5.60701e-05
4.35261e-27
1.95125e-30
2.47282e-33
0.580461
0.336441
0.0134105
0.019809
0.332342
0.281542
0.0121271
0.0215417
0.117224
0.0323894
0.0023202
0.0192269
0.00713777
0.0877712
0.00193706
0.095093
0.805075
kenn: 0.805075
0.246749
0.0115742
0.303645
3.00157e-06
2.78011e-09
0.000298647
5.72618e-25
2.91603e-29
0.472676
0.406804
0.0215486
0.265808
0.32896
0.0207334
0.0672767
0.0221068
0.00374602
0.00250654
0.000952797
0.000669298
0.00910582
0.233913
0.803143
kenn: 0.803143
0.163304
1.68196e-09
1.81881e-06
0.253769
0.446171
2.41717e-28
2.94848e-25
1.69648e-05
0.0107682
0.0193126
0.39885
0.509652
4.34649e-06
0.0195853
0.345981
0.273825
4.58763e-11
0.00509805
0.0307209
0.0688036
2.33457e-14
0.00133918
0.00188539
0.00284553
4.44797e-22
0.669789
0.106321
0.372512
0.501235
0.00013192
0.0263554
0.343541
1.01323e-07
0.174246
3.06819e-13
0.0463037
1.62376e-16
0.000380882
8.82692e-25
0.000233491
0.000275729
0.0668379
0.663675
0.304064
6.07139e-12
1.29417e-12
2.82973e-09
0.305908
0.93894
kenn: 0.93894
2.22764e-31
2.30551e-35
2.77624e-31
0.00020775
0.170716
0.000499875
0.000637843
0.14053
0.428234
0.000168121
0.000400903
0.000533416
0.116195
0.236216
2.76392e-08
8.72554e-05
0.000264256
0.0104632
0.110538
3.13874e-10
0.00234008
0.138902
0.0121758
0.0409203
7.81006e-17
0.824922
kenn: 0.824922
0.226998
0.012798
0.0151356
0.189344
0.252054
1.12751e-06
3.87092e-09
4.28167e-09
0.465893
2.47966e-05
7.0681e-26
1.17876e-28
1.46913e-28
0.0130312
0.521852
0.378761
0.0243338
0.0332836
6.31064e-06
0.276699
0.319151
0.0238454
0.0347262
8.05495e-11
0.065746
0.0261328
0.00480997
0.0425268
5.18228e-14
0.00308082
0.0026078
0.000742771
0.190771
1.16931e-21
0.275587
0.00698164
0.00358063
0.537835
0.000362043
7.85003e-05
0.186267
0.194915
0.00914497
0.219634
0.34643
2.15881e-08
3.91126e-07
0.000444799
5.98767e-09
2.44354e-05
0.050253
2.43801e-27
0.196247
0.00491451
0.00244172
0.415979
3.09466e-05
0.0149699
0.00844008
0.000303917
0.000147422
0.448457
6.37593e-06
0.259059
2.71093e-05
4.55004e-07
4.9558e-07
0.352734
1.25574e-09
0.499139
6.91961e-22
4.18e-26
1.04003e-25
0.00228883
2.91161e-27
0.128313
0.000255819
0.137983
0.315213
0.00010838
4.39788e-05
0.0296539
0.0814467
1.20631e-08
7.23114e-15
3.6534e-12
3.58139e-07
3.84344e-25
5.83507e-05
0.0700992
0.346225
0.00441832
2.33947e-06
0.00698425
0.462461
0.137924
1.45493e-07
0.00024084
0.481971
0.630749
3.11528e-25
1.49895e-21
0.0267208
0.363662
0.475485
0.231263
0.00102524
1.57648e-05
0.166119
0.0784507
0.000575654
9.97061e-10
2.2859e-06
1.15349e-10
2.05518e-12
1.20802e-28
0.419295
0.192384
0.000747589
0.00397616
0.445766
0.0297129
8.75009e-05
0.209265
0.423997
0.000510527
1.74192e-06
0.371714
0.0163098
7.02425e-20
9.712e-25
0.0569962
0.0159819
0.437931
0.609707
0.0158209
0.17163
0.204416
1.0772e-08
1.59929e-08
1.47725e-06
0.0118911
0.352814
0.519015
0.000856834
0.0325749
0.496839
2.9954e-06
0.00025651
0.363792
7.6718e-24
1.68731e-19
0.000313024
0.406903
0.51947
0.0215706
0.0283126
5.3848e-06
0.27006
0.18165
0.0147461
0.475081
5.06158e-10
8.41773e-06
6.11856e-07
3.96772e-09
0.148096
4.28534e-30
0.343468
0.440107
0.0186083
0.018816
0.00268009
0.0446169
0.396523
0.00300196
0.00305484
0.145081
0.000419061
0.361984
1.39212e-05
1.23052e-05
0.397038
1.24873e-18
0.00411446
1.54393e-22
1.17364e-22
0.0937025
0.0213653
0.451883
0.522851
1.02746e-05
0.0315847
0.216188
0.210116
1.72824e-09
1.83727e-07
3.06019e-07
2.52878e-06
1.76163e-29
0.0119664
0.383663
0.429608
0.00428827
0.00142192
0.0407454
0.378377
0.14806
4.83349e-06
0.000180564
0.343261
0.420004
2.69303e-21
4.30461e-19
0.00192729
0.0676662
0.463449
0.148827
0.000429812
0.00113
0.194126
0.0691993
0.00449066
6.72539e-07
5.67015e-05
2.62415e-08
1.1906e-09
1.24084e-22
0.455811
0.0985827
0.000250464
0.0193118
0.509587
0.00267621
5.11094e-06
0.224081
0.358609
5.52301e-06
6.54443e-08
0.791716
kenn: 0.791716
0.0159659
5.33915e-24
6.5379e-26
0.267109
0.580532
0.337165
0.00960577
0.0154933
0.228813
0.298904
0.0151729
0.4662
6.4667e-06
5.60864e-05
1.56865e-08
0.0100019
0.452822
0.245335
0.00618232
0.00803516
0.46402
0.0172293
0.000219517
0.000282077
0.368387
0.000132181
6.64849e-07
3.93767e-07
0.00460243
1.53007e-20
5.5487e-25
1.75059e-26
0.544176
0.459716
0.0220891
0.190611
0.183037
0.0180667
9.4047e-07
1.5368e-08
1.05025e-08
0.466687
0.394564
0.0172488
0.431618
0.0480921
0.00164722
0.382432
0.000426143
5.44853e-06
0.0114415
1.07024e-18
1.48312e-23
0.0198512
0.448642
0.535777
9.09467e-06
0.0224128
0.194305
0.195846
1.31425e-09
3.86729e-08
5.57549e-08
1.00167e-06
1.08397e-29
0.0138996
0.388575
0.448165
0.00422498
0.00130195
0.0446285
0.407424
0.150123
3.61625e-06
0.000290674
0.357741
0.410778
4.51924e-23
5.46378e-19
0.00211676
0.0766537
0.472723
3.21396e-07
0.157596
1.43195e-11
4.40363e-07
2.10629e-32
0.45864
0.000289444
0.419
0.0570909
0.463089
0.385197
0.00880912
0.0884377
0.000317557
0.000414268
0.0981433
0.422597
0.00123073
0.00302331
0.0371473
0.0704754
0.184995
6.74994e-07
3.69089e-10
1.27532e-07
2.42518e-08
7.461e-05
1.36169e-22
0.000216144
0.000282021
0.0637949
0.437867
0.0212392
8.1376e-06
1.11898e-05
0.00182656
0.518212
0.228318
4.59699e-08
1.99437e-08
4.82586e-06
0.370891
0.773234
kenn: 0.773234
6.04663e-26
4.46875e-29
2.30258e-24
0.0145606
0.242535
0.521832
0.405271
0.025948
0.0360666
1.49334e-05
0.185662
0.230353
0.0210047
0.209898
2.2714e-09
9.74714e-07
1.91579e-06
1.56609e-08
0.000648192
4.08143e-29
0.42954
0.318913
0.0201729
0.0266598
0.00545133
0.396216
0.0289538
0.0021113
0.00300699
0.179402
0.344116
0.00020826
6.37711e-06
6.29401e-06
0.418539
0.00263355
1.77641e-19
3.96142e-23
6.27116e-23
0.084233
0.148575
0.396506
0.295202
1.34624e-10
0.0150817
0.0591658
0.0752093
9.07787e-13
0.671645
0.303031
0.140103
1.69783e-12
0.00968193
0.101246
0.654735
0.116611
4.41561e-05
0.00011245
0.00216602
3.8298e-14
1.27869e-12
3.06887e-09
0.217639
0.384725
0.294232
0.545295
0.254131
8.81047e-12
0.0894535
0.190249
0.102346
1.62038e-14
0.117542
0.354642
0.725024
kenn: 0.725024
9.47387e-14
0.835402
0.198489
0.0548822
0.2423
0.00233691
0.00271821
0.00196361
1.0164e-16
0.364344
1.39692e-08
2.07292e-12
0.809154
0.494092
0.910427
kenn: 0.910427
0.326052
0.261985
0.399157
0.151922
0.968732
kenn: 0.968732
0.376577
0.102689
0.154405
0.355418
1.03963
kenn: 1.03963
0.0112436
0.0145998
0.00821573
4.71405e-12
1.33577e-08
0.218318
0.893836
0.254306
0.455721
0.366124
3.755e-12
0.557088
0.114778
0.240773
0.564665
1.64237e-15
0.319618
0.076362
0.913837
kenn: 0.913837
0.11573
1.47786e-14
0.319902
1.06061
0.14193
0.121978
0.322776
0.15272
0.00817958
0.0119683
0.358065
2.35837e-18
3.62168e-08
0.403477
4.01302e-11
3.4108e-11
1.01773
0.405531
0.803425
kenn: 0.803425
0.26341
1.49614e-11
0.255363
0.430663
0.11025
4.66793e-15
0.785408
kenn: 0.785408
0.299498
0.061107
2.78327e-14
0.142682
0.343709
1.08726
0.339094
0.0319129
0.0378075
0.0187588
4.11061e-18
3.39953e-11
1.18316e-08
0.381645
1.00169
0.337984
0.819339
kenn: 0.819339
0.384295
1.08716e-08
0.136941
0.318119
0.159287
2.28415e-11
0.127598
0.403458
0.964106
kenn: 0.964106
1.56048e-11
0.938016
0.271752
0.0804704
0.231769
0.00580191
0.0101936
0.00741028
3.44893e-13
0.184346
1.38818e-11
3.7005e-13
0.391581
0.330989
0.924873
0.493954
0.446265
0.145582
0.508348
0.247944
0.697831
0.105123
0.38216
1.00045
kenn: 1.00045
0.173602
1.20339
kenn: 1.20339
0.349123
0.143653
0.161154
0.00634992
0.103398
0.00902359
0.449078
0.397214
3.20193e-09
9.43602e-13
1.49125e-13
0.275679
0.855024
kenn: 0.855024
0.48171
0.127876
0.385855
0.255121
0.0866419
0.352276
0.954139
kenn: 0.954139
1.05562
kenn: 1.05562
0.344516
0.155096
0.0075953
0.0144708
0.011158
0.403708
3.7128e-08
9.11908e-12
0.488275
0.879428
kenn: 0.879428
0.289316
1.13824e-11
0.286984
0.434699
0.134269
4.42502e-15
0.927909
kenn: 0.927909
0.35134
0.0854319
3.83529e-14
0.161526
0.358748
1.11859
0.341697
0.0188623
0.0244706
0.0124871
4.33716e-18
7.84739e-12
1.95348e-08
0.39099
1.03041
0.136175
5.71811e-14
0.031712
7.72353e-18
0.0176261
7.86624e-17
0.821895
kenn: 0.821895
0.230807
0.0058816
8.94121e-21
0.365871
0.758444
0.378468
0.495196
0.909884
0.344111
1.16396e-08
0.167581
0.50539
0.548999
0.15701
3.51518e-11
0.941722
kenn: 0.941722
0.18365
0.407278
0.145823
2.51264e-11
0.0821507
0.102675
0.257062
0.886335
0.235492
0.0102391
0.239939
0.150848
0.00821332
6.31048e-13
1.46118e-13
1.5526e-15
8.72734e-12
0.175504
0.400299
0.281676
0.920576
0.48005
0.528418
2.09424e-11
0.121542
0.525366
0.25985
0.816213
kenn: 0.816213
9.96196e-15
0.0806551
0.330511
0.935185
kenn: 0.935185
0.134777
5.70463e-14
1.12129
0.344878
0.158595
0.147642
0.354152
0.00811972
0.120477
0.0124246
0.446464
1.25154e-17
0.400218
1.10768e-08
1.2937e-11
1.29459e-11
1.07647
0.0553171
0.292853
0.886001
kenn: 0.886001
4.30705e-13
0.246435
0.84166
0.487381
1.13772e-10
1.00327
0.329074
0.130704
0.211694
0.259934
6.81809e-09
5.38064e-12
0.468484
0.559629
0.153749
0.00690146
0.397636
0.488037
0.113151
0.206171
0.329765
0.804275
kenn: 0.804275
2.9808e-11
4.26239e-09
0.162082
0.132188
0.00419385
0.526592
0.00550278
9.4021e-14
0.388882
0.0886769
0.423972
0.0503543
5.53261e-11
0.288912
0.588275
0.203888
0.0882261
0.120853
1.29921e-08
0.144353
2.28442e-10
1.49262e-10
0.370271
0.413809
0.0861516
0.000926892
1.30987e-13
0.227811
0.272186
0.0617431
1.99955e-10
0.146596
0.249788
0.537504
0.126592
8.39668e-10
5.74497e-09
0.0934677
0.304747
0.0230912
0.154544
0.637553
8.24224e-13
0.155462
0.41091
0.35612
3.00611e-08
0.778653
0.272397
0.0955536
0.289627
0.180703
9.11578e-12
5.66526e-13
0.799839
0.00918906
0.140955
0.591479
0.0132642
0.12537
0.433964
0.41254
0.0629878
0.741758
kenn: 0.741758
0.329592
0.19032
0.107186
0.162857
1.13244e-09
4.69394e-12
4.18037e-13
0.00484132
0.147266
0.549153
0.0936599
0.464025
0.412484
0.669068
0.320034
0.213825
0.208187
1.24554e-08
4.73905e-11
0.497536
0.110628
0.00295557
2.04886e-13
0.352552
0.358376
0.0843711
1.71847e-10
0.185643
0.286891
0.60197
0.129089
9.06011e-11
8.31427e-09
0.115046
0.322862
0.0011925
7.07909e-16
0.11026
7.11492e-13
0.583873
0.0534058
0.190805
0.360757
0.651868
0.034645
0.139731
0.0262225
1.74462e-12
0.3373
0.0701678
0.351955
0.156416
3.6107e-08
0.0818955
0.0422995
0.245753
0.823911
0.304376
6.99204e-13
9.76606e-15
6.43152e-12
0.197815
0.853646
0.0036607
0.113855
0.520527
0.00533994
2.73032e-13
0.0925897
0.35383
0.381745
0.0607768
2.85115e-10
0.603839
0.294236
0.200829
0.116074
0.146107
0.113136
3.65935e-09
8.62677e-11
6.20845e-11
0.354862
0.182109
0.35931
0.967258
kenn: 0.967258
0.525365
0.714071
0.216017
0.840702
kenn: 0.840702
0.282338
0.0450689
1.40197e-12
4.86723e-10
0.207254
0.344657
0.823801
0.201513
0.100198
0.289883
0.600791
0.188022
0.570612
0.14271
2.84652e-10
0.244078
0.0379935
0.811105
kenn: 0.811105
0.0540843
7.36004e-14
1.47896e-09
0.298328
7.54296e-12
3.67478e-12
0.878741
0.179479
0.350741
0.725131
0.26083
0.392976
0.580077
0.128088
9.11498e-10
0.675931
0.24237
0.0126247
1.1689e-13
3.61779e-11
5.01424e-10
0.219373
0.781328
0.750563
0.220523
0.0787444
0.222537
0.233417
0.482635
0.345366
2.44226e-07
0.0604742
0.257409
0.824556
kenn: 0.824556
3.15052e-11
0.17605
4.44431e-13
1.20154e-13
0.511441
0.960478
kenn: 0.960478
0.315997
0.144498
0.0830067
0.210781
0.573218
0.478923
0.146973
0.042905
0.228667
0.829629
kenn: 0.829629
0.0705861
0.31684
1.10029e-10
2.9972e-13
8.6377e-15
0.910371
kenn: 0.910371
0.363814
0.19844
0.188426
0.710447
0.553513
0.0368911
0.27884
0.832236
kenn: 0.832236
0.378336
1.5017e-09
1.65577e-12
0.188822
0.353565
0.799955
0.27624
0.518873
0.641444
0.170703
7.73308e-10
0.789961
kenn: 0.789961
0.248918
0.0276221
1.66902e-13
3.63307e-12
8.32657e-10
0.243387
0.809472
0.777891
kenn: 0.777891
0.167577
0.164212
4.65297e-12
0.0122728
4.24212e-16
0.308369
0.733255
0.088018
0.0806065
0.218293
0.788032
0.243781
0.338298
0.176324
0.455117
0.258795
2.86768e-07
0.848175
kenn: 0.848175
0.119571
0.266915
0.082369
5.38554e-11
6.09801e-14
1.22928e-16
2.94284e-13
0.185618
0.547516
0.794134
0.350882
0.201828
0.111795
0.305647
0.181232
0.587453
0.54074
0.164778
1.34663e-09
0.0310388
0.23591
0.807395
kenn: 0.807395
0.0528353
2.58205e-13
0.260161
3.88983e-10
2.88007e-12
1.1985e-12
0.857521
0.46765
0.120137
1.22108
0.177767
1.20992e-13
0.949818
kenn: 0.949818
0.34065
0.524057
0.256897
2.66744e-10
0.378708
1.06192
kenn: 1.06192
0.147158
0.135957
0.163639
0.992952
kenn: 0.992952
0.450454
0.0962966
2.11632e-13
0.404952
0.976475
0.307623
9.93074e-10
0.129473
0.383451
0.982356
kenn: 0.982356
0.15972
0.163805
0.439711
1.02838
2.17618e-10
0.341867
0.773913
0.332984
2.79225e-07
0.82766
kenn: 0.82766
0.213519
0.0521452
0.174442
0.146027
0.48934
1.22494
0.235973
0.37134
0.957098
kenn: 0.957098
0.509189
0.350415
1.12768
kenn: 1.12768
0.356156
0.130441
0.151054
0.132955
0.527642
1.25474
0.359368
1.11739
0.544036
1.13156
kenn: 1.13156
0.405581
0.156811
1.23109
0.51225
0.127736
2.74585e-13
0.528904
1.09215
0.353412
7.56691e-10
0.155661
0.403145
1.06751
kenn: 1.06751
0.168199
0.0358841
6.88435e-16
0.201383
6.1019e-12
0.826249
kenn: 0.826249
0.0794265
0.975918
0.199378
0.4255
0.189527
3.33107e-10
0.324042
0.280265
0.67957
0.346152
2.853e-07
0.0522642
0.0644226
0.201758
0.809113
kenn: 0.809113
0.18824
0.127748
0.481669
1.23497
0.221215
4.67262e-13
0.355374
0.979324
kenn: 0.979324
0.539545
0.347306
1.29664e-09
1.05935
kenn: 1.05935
0.394592
0.159058
0.165282
0.183476
0.417158
0.943072
kenn: 0.943072
0.341504
2.94752e-09
0.114553
0.34578
1.18884
0.389471
0.99887
kenn: 0.99887
0.462907
0.104357
1.41608e-12
0.207798
0.320469
0.1401
1.17057e-12
1.44259e-12
2.39098e-10
0.350976
1.13161
0.297209
0.547402
0.250651
7.67679e-07
0.704527
0.138399
0.0270995
0.248169
0.146905
0.374738
0.9488
3.04309e-09
0.0875053
0.134847
0.0439122
2.96254e-09
0.109465
1.40349e-13
2.67738e-14
0.408935
0.325199
0.844669
0.403968
0.414021
1.11229
kenn: 1.11229
0.271685
0.0862713
0.0985757
0.127903
0.434843
1.15452
0.19374
0.107087
0.374032
0.129493
0.446937
0.339995
5.54371e-11
3.96865e-14
1.15617e-15
0.35738
0.982004
kenn: 0.982004
0.4903
1.211
kenn: 1.211
0.360975
0.133704
0.137913
0.532542
1.2433
0.133993
0.275383
0.194933
0.354718
8.3534e-10
1.46497e-13
0.486588
0.97278
kenn: 0.97278
0.357397
2.24214e-09
0.130862
0.35388
1.23526
0.396433
1.22443
0.509243
0.130714
1.45015e-12
0.206906
0.295792
0.140625
1.10272e-12
1.97298e-13
4.10893e-10
0.363401
1.15585
0.2385
2.22891e-11
0.988911
kenn: 0.988911
0.290695
0.0696578
4.77914e-15
0.074127
3.75955e-15
0.375929
1.01724
0.248447
0.286479
0.553366
0.303157
7.72132e-07
0.0315003
0.0401554
0.135929
0.647449
0.252273
0.908173
0.182917
0.367589
0.174099
4.44575e-09
0.0503157
0.198405
0.203204
0.107688
4.26038e-09
9.28308e-15
9.8316e-18
8.65094e-14
0.105216
0.432587
0.353936
1.10361
0.492633
0.617368
3.8022e-09
1.23031
0.356525
0.138325
0.155139
0.404072
0.134836
0.494353
1.2383
0.237452
2.99702e-12
0.136645
0.462299
0.202928
0.753408
kenn: 0.753408
2.33114e-12
0.364581
2.21592e-10
2.10302e-13
1.51289e-13
1.169
0.16683
0.359835
0.790358
kenn: 0.790358
1.10767e-09
0.30458
0.590122
0.246899
3.66497e-07
0.692618
0.13952
0.0185764
0.221351
0.101708
5.62283e-13
3.80717e-14
0.38332
0.120715
0.378287
0.92307
kenn: 0.92307
0.202757
0.340674
0.79061
kenn: 0.79061
0.387808
0.335504
1.07027
kenn: 1.07027
0.27112
0.071861
0.104132
0.325209
2.11424e-10
6.29133e-14
3.75624e-15
0.119418
0.407314
0.998544
kenn: 0.998544
0.354709
1.00656
0.470854
1.11004
kenn: 1.11004
0.322191
0.107385
0.323476
2.98461e-09
3.20245e-13
1.05435
kenn: 1.05435
0.45205
0.128315
2.15834e-12
0.509676
1.07705
0.371067
6.39047e-10
0.121385
0.343132
1.23427
0.384705
2.96752e-13
1.44782e-09
0.390897
1.18283
0.0471846
1.01972e-14
0.209599
5.98882e-12
0.916138
kenn: 0.916138
0.279556
0.412182
1.01033
0.76861
kenn: 0.76861
0.32493
0.415717
0.194653
2.02858e-09
0.265923
0.302122
0.553347
0.315491
3.69681e-07
0.0194261
0.0299091
0.125767
0.62026
0.218433
1.3112e-14
2.8662e-17
3.39103e-13
0.0933121
0.409576
0.119508
0.446133
1.02856
kenn: 1.02856
0.241362
4.244e-12
0.355165
0.981975
kenn: 0.981975
0.494421
0.426505
1.13316e-09
1.22052
0.356269
0.116524
0.169798
0.379226
0.378884
8.38109e-10
4.40332e-13
4.1361e-13
1.15713
0.916342
kenn: 0.916342
0.366523
0.174705
0.158707
0.258482
0.816709
kenn: 0.816709
0.505014
0.3195
0.071988
0.37499
1.13144
0.137641
0.244239
7.60826e-08
1.87523e-11
1.6274e-11
0.777743
kenn: 0.777743
0.332846
0.162269
0.167409
0.695407
0.413942
0.0364718
0.296298
1.0033
0.265528
7.4419e-07
6.99022e-10
0.168987
0.344666
0.742105
0.103032
0.418274
0.718453
0.169978
4.45277e-13
0.973077
0.309783
0.0344947
6.039e-14
4.66377e-10
4.90673e-07
0.233178
0.374174
0.697642
0.0797468
0.0714592
1.35894e-15
0.00296206
1.93554e-16
0.350353
0.533409
0.129195
0.141993
0.340929
1.21508
0.309043
0.516301
0.347322
0.969507
kenn: 0.969507
0.370974
8.20321e-10
1.24009
0.233425
0.497979
0.144261
1.36951e-12
6.50803e-13
1.97103e-13
4.41668e-10
0.304778
1.25975
0.739609
0.319421
0.169502
0.111021
0.122106
0.171524
0.625907
0.419534
0.208107
8.65746e-13
0.0306945
0.270884
0.98966
0.0554462
7.83277e-14
0.227313
2.54905e-07
1.08009e-09
1.37126e-09
0.382685
1.14991
0.360454
0.145355
0.303452
0.901013
kenn: 0.901013
0.472769
0.106844
0.476485
1.20756
0.124164
0.328994
0.224373
0.145252
0.364503
1.13857
kenn: 1.13857
0.337562
0.471896
0.902804
kenn: 0.902804
0.308983
1.63393e-10
1.17763
0.465796
0.102923
9.25789e-14
0.243051
0.358712
0.128933
3.3814e-15
0.880097
kenn: 0.880097
0.222528
0.162634
1.02789e-12
0.0173289
2.47778e-16
0.0190693
5.75612e-18
0.0644237
0.0764173
0.234326
0.872321
kenn: 0.872321
0.254101
0.346192
0.315467
0.735526
0.363493
8.04829e-08
1.07486
0.208952
0.467366
0.190593
3.14087e-11
0.121256
0.227692
0.343909
0.168435
2.34514e-11
1.14103
kenn: 1.14103
0.350319
0.146372
0.13788
0.36168
0.302861
0.847936
0.467772
0.41153
2.84788e-10
0.0999101
0.426973
1.18496
0.171918
1.3349e-13
0.118692
0.375763
0.224081
0.539971
7.42651e-15
0.140428
0.368102
1.17781
kenn: 1.17781
0.339105
0.524774
1.10349
0.364494
2.27365e-09
1.23969
0.52375
0.136578
3.44124e-13
0.945042
kenn: 0.945042
0.234908
0.220758
2.19766e-11
0.0484666
9.00064e-16
0.0379859
0.047081
0.16106
0.728533
kenn: 0.728533
0.274364
0.291434
0.265372
0.61761
0.337443
7.50269e-07
0.958193
0.189838
0.403769
0.189425
1.01042e-09
1.18163
kenn: 1.18163
0.364608
0.145482
0.158328
0.367081
0.366336
0.990014
kenn: 0.990014
0.538956
0.364511
3.86156e-09
0.138367
0.498926
1.25059
0.238282
6.76802e-13
0.0453505
1.10322e-15
0.213458
1.00687e-11
0.95691
kenn: 0.95691
0.277486
0.401182
0.99569
0.933818
0.227963
0.418371
0.197484
7.28982e-10
0.314224
0.317624
0.648157
0.351363
5.01869e-07
0.035633
0.046996
0.160505
0.677475
0.234358
2.09234e-14
2.87931e-17
2.75198e-13
0.096279
0.400083
0.138044
0.510707
1.24794
0.255313
7.3517e-13
0.36481
1.00729
kenn: 1.00729
0.538057
0.396641
1.92894e-09
1.2471
0.369821
0.142383
0.168899
0.389173
0.382768
6.29817e-10
4.64247e-13
3.77769e-13
1.17606
0.00474867
0.00836783
0.0661744
0.654464
0.364454
5.93708e-17
2.7229e-20
7.52432e-16
0.0738697
0.560816
0.895242
kenn: 0.895242
0.22082
0.0537498
0.0758338
0.386772
0.264911
5.32871e-12
1.36118e-15
1.16358e-15
0.96657
0.0321202
0.273241
0.954941
0.0590204
2.80254e-14
0.0404955
0.296427
0.20522
0.322842
6.66598e-17
0.161089
0.610927
0.413933
0.335365
5.36641e-13
0.673897
0.327498
0.198295
0.129387
0.115653
0.226877
2.56168e-07
1.55666e-09
1.95146e-09
0.407258
pair count: 117
group count: 117
