found data environment: /usr/users/people/matts/data/
1.47773721509
0.0565271076412
0.0664046471706
0.000106249200105
0.000115943945259
0.186998274342
0.173181979432
0.0565271076412
1.35637009689
4.27176581059e-13
3.12517617749e-24
2.36103371222e-06
2.52967453758e-10
0.394272084847
0.0664046471706
4.27176581059e-13
1.37356045332
0.378316345078
0.304178496024
0.477902960298
9.27517033482e-07
0.000106249200105
3.12517617749e-24
0.378316345078
1.50359809473
0.000689651310342
0.0208280231713
8.27027491867e-16
0.000115943945259
2.36103371222e-06
0.304178496024
0.000689651310342
1.45011959203
0.0139490471419
1.25595446894e-07
0.186998274342
2.52967453758e-10
0.477902960298
0.0208280231713
0.0139490471419
1.33751768498
6.50638583912e-05
0.173181979432
0.394272084847
9.27517033482e-07
8.27027491867e-16
1.25595446894e-07
6.50638583912e-05
1.06053655964
0.150429756408
0.491193305015
0.20589477852
0.139557393465
1.94543895183e-21
4.33573410597e-08
4.53139078208e-08
0.00466666239387
4.04903750977e-09
0.0723851659306
0.292067772986
0.130023294468
7.98341718915e-16
6.75698470221e-05
0.0027871793423
7.83827591148e-05
8.91013927132e-20
1.9016725148e-05
0.000917541627614
0.310639454471
3.09114773552e-07
0.217475838315
0.80472485566
0.213628854346
3.14673890841e-13
4.47765652062e-05
0.00155275368985
0.0131369252707
0.359122890239
0.246181557614
6.81940574651e-05
0.171082592744
0.160867869856
0.040705890214
0.0579438035057
2.35897412695e-08
5.23001057097e-21
6.2693278454e-51
4.58685759349e-07
4.04799597122e-08
3.12907541626e-06
0.0364388612329
0.00393678831026
6.1088364647e-09
4.33334012795e-23
0.0576498139415
0.215374695606
0.534228631111
0.0192610218232
3.56471574395e-07
3.50255168712e-15
6.37628149753e-29
1.35641850033e-05
6.76326004316e-05
0.144131275214
2.49541918663e-06
2.53954803716e-08
1.42345863892e-17
2.84869250462e-36
0.000102615947859
0.0180252347136
0.276722387009
0.218654656393
0.109930788042
1.18485367902e-06
4.87439769624e-21
0.327117288602
0.669990903527
0.200524759597
0.00408993406933
0.000279851446751
5.01511812166e-13
1.35586441927e-36
0.000849717795646
0.000721713518544
0.000263783609642
0.0459751487437
0.204235811887
0.160635120707
7.05776638831e-06
0.27663074756
0.380647820209
0.502597116352
0.00286397853711
2.53300835843e-08
0.000206010717281
1.9468815347e-13
5.11957117266e-09
6.88879873676e-12
3.98634510404e-15
1.59413740097e-42
0.05875441209
0.276519177378
0.22933531005
0.007664622772
0.000984470052531
1.66406120372e-07
1.28732017531e-18
1.31641944246e-05
0.000632185836724
0.0121919639347
5.49087439964e-08
1.48804254231e-09
9.89667772008e-15
1.62287080286e-23
0.000135067700592
0.631160546326
0.192571568497
6.77277034147e-09
3.2514519537e-11
9.72720685864e-17
9.86987851335e-31
0.384641138412
0.275129512782
0.00548946185042
0.243540867369
0.0310967817195
6.75856392408e-05
1.28405577792e-16
0.00058636701539
0.0102574117211
4.12364584936e-09
0.000305421230522
8.86168999943e-06
7.4001690666e-09
1.08878203924e-29
0.213833184281
0.174098099806
0.435220932882
0.547189730633
0.0396436573723
0.10387173788
0.0178765097844
0.00215174048491
0.330328217066
0.00040801623576
0.00616180313207
8.40022640437e-25
0.00139444580178
0.000461253077937
8.26156404358e-06
0.0385947102716
0.0760942245996
2.76793608479e-11
5.02798754655e-09
1.83646853866e-12
3.73873636709e-14
1.94917842363e-05
8.62574508565e-07
1.6106694049e-17
8.84971928155e-06
0.0099438967361
0.000165489261274
5.47513408358e-05
0.409174920049
2.2157334393e-23
0.0869666277541
0.00300534773685
0.000343943346656
0.148591529761
0.00868389778495
1.06614667946e-08
0.339398929255
0.225893983075
0.314032514128
0.082486035849
0.0193038201612
4.81242989473e-16
0.200644410049
0.174708883231
0.677101033538
0.115047483467
0.170710456364
0.0651169583363
0.00196515786507
2.85835634413e-24
5.52538744289e-10
1.16713549558e-05
0.000990345907128
2.47080325397e-10
2.54133428127e-20
5.6837043735e-13
6.60033378717e-10
3.82445605527e-17
1.51062331755e-06
1.04325194215e-09
8.03280213316e-07
1.37812655112e-20
1.28823035877e-06
0.00756449252591
0.021566514005
1.48082410911e-08
0.0996728537832
0.211246960233
0.0267913505742
3.26326246944e-15
0.629968238243
0.270416478598
0.308855746238
0.0626008850267
0.000702905068352
0.00681524854768
0.0948253527635
2.1664988707e-26
0.0142914991253
0.000206395370769
1.11291217944e-07
3.12937648111e-12
1.83528838387e-07
4.19730700849e-11
1.84422635586e-17
5.00925216117e-19
3.66009853986e-06
1.40843385055e-08
1.91407915675e-11
1.85104428916e-24
0.088670344333
0.0360459798135
4.26816386138e-05
6.25510347118e-10
0.0446563070905
0.339306656436
0.119305829782
3.884251117e-17
0.527666293158
0.233708269254
0.591911709582
0.0713954442
0.0106714636118
0.000101145449551
5.34454455187e-05
0.00172808142181
0.0319820326234
8.90300330209e-13
8.23957696468e-09
5.18643313598e-05
2.78114966605e-08
4.99123324265e-06
6.80145870552e-06
0.00238566981425
0.125874525803
0.165191812151
0.255892600855
0.315195255083
0.049986369457
0.207175073576
0.557774066962
0.558333921743
0.0999055810974
0.0762659781762
0.0012435688072
0.0085651823762
0.00846641303611
2.31866770471e-05
0.0656254938614
0.0011734903759
1.46193691338e-27
3.26381902585e-08
0.00199663664361
0.00262609668642
0.0366919497488
9.31858108047e-05
0.103717287858
5.79037258991e-13
0.254329951765
0.000546362012716
1.77921769255e-08
0.000109807822867
1.30992744632e-12
1.30177115318e-05
2.99733319172e-19
0.000326658362104
1.49997465469e-12
3.77987805367e-05
5.62914970089e-06
2.04475936658e-08
0.340809117673
1.25938875873e-25
0.297047430253
0.0398909096802
0.153965237261
0.176060983395
0.00365069616963
0.0460522352038
2.50597084313e-10
0.041850276328
1.69965257121e-05
0.218134500432
0.0313433814874
0.251955769846
0.0557975221497
2.79586710023e-18
2.69142104654e-05
0.00945575154113
0.594908740886
0.0674303307728
0.211459373791
0.539219093763
0.103175528089
0.172209885157
0.250149568139
0.0045541265921
1.10925334394e-05
6.55475909673e-27
0.000427376811234
4.20762466614e-10
0.00702680026596
0.0486938536804
1.51682412342e-12
2.75818642223e-11
1.13919294592e-20
6.576580074e-08
0.000229278251765
1.32979415469e-18
7.80491148705e-05
1.3661390867e-05
5.76303926393e-05
1.91913788056e-05
4.1650585013e-25
0.00491928561329
5.21593636921e-08
0.20496240981
0.189728425834
8.12103559666e-10
0.395130978453
0.365742811167
0.250253811001
0.0261076528873
8.10644397121e-18
0.547777138558
0.21555946262
0.425538846511
0.200238630293
0.00561256024321
0.0491864664583
0.107462717047
1.71319639511e-22
0.0290592332409
0.000387724105055
2.56250032947e-07
1.30179096152e-08
7.71196389413e-07
2.61895670863e-10
2.15571416951e-16
1.80976994791e-14
0.000190785858828
1.00922646138e-05
3.22870831077e-08
6.14792549994e-19
0.167899852571
0.0293770696561
2.68146369316e-05
6.56998863832e-07
0.115109316444
0.531970808209
0.299824348655
8.45833471497e-14
0.565446285715
0.216542581139
0.490294481417
0.140606341904
0.00160638035207
0.000343820128977
0.0182138610485
0.0898309708711
0.00206784952027
1.64717161824e-06
0.0371878927345
0.00094832617944
2.15794623134e-05
0.0180835398189
0.0246861954056
9.44047109805e-06
2.23737493743e-09
3.25686735662e-13
8.50201558168e-09
2.90966205613e-09
1.54383700981e-05
0.000239380332199
6.20465585535e-08
0.112434195186
0.294409668144
0.1701094535
0.0882346687082
0.00115037985516
0.00298185836712
0.000682303691474
0.0654643583927
0.318224329801
0.280856224478
0.148112631951
0.000440056028531
0.562187281727
0.228460752157
0.538924488441
4.68706491976e-05
0.00846794618535
0.0651027642756
0.0363116004604
0.00244835027246
9.34183467051e-05
8.75280194117e-05
1.54459782738e-08
2.02770775855e-12
6.54227111114e-06
3.32450469879e-06
2.4990286026e-08
0.177535359831
0.150573646358
0.00368882596507
0.0390963289627
0.273329457837
0.249527484619
0.530960267176
0.225977680607
0.561072465547
0.0958073918452
0.0587684563416
0.0098276563043
4.10580076397e-05
6.69363236071e-27
0.000147284163116
0.00347248533873
0.0375182302277
1.06392185382e-12
4.17911777434e-12
2.10262900766e-08
0.000117727671489
6.28543829036e-19
8.58079857278e-08
1.15941766517e-05
7.61073037617e-06
2.3450616858e-25
0.00368882049874
0.164439963674
0.175564323399
5.90310353371e-10
0.277821379609
0.303631757321
0.0407560604029
7.99538336608e-18
0.64222774985
0.206420840514
0.0664446614088
4.26400940152e-07
2.76912328946e-06
8.49830223787e-31
0.0561116940075
0.00226732305262
2.37104886243e-14
3.24715494097e-05
2.67960542691e-09
4.10765542707e-20
5.46953586848e-06
3.61276329425e-07
3.14495454386e-27
0.200585637191
0.105275461293
8.81091443959e-12
0.0044108949804
0.0220229302417
7.7128792286e-21
0.399521898018
0.176436911132
0.217340264748
0.559175657994
0.0039710942203
0.196808052874
0.115448726036
0.0564705184244
0.0428119616878
0.00425064025916
0.0804097139997
3.44690904384e-22
1.93691541744e-07
6.82424874823e-05
0.000191264091523
0.0183651155875
7.29057726824e-08
1.23031192859e-08
6.97964026858e-17
4.87056922233e-13
5.5507176993e-11
3.16564940758e-07
3.72258855708e-20
1.03348986719e-14
8.77017252498e-09
0.0257601499393
2.12146471472e-06
0.000187941188618
0.00290380463226
5.25258748906e-19
2.11879514714e-05
0.00047064441522
0.0186368052296
0.125746020142
1.90694610712e-09
6.36334567546e-07
0.307655510643
0.239503685994
0.436004857475
0.11954286268
0.0444046931879
1.43003542876e-13
0.53296473066
0.198798602862
0.539775496798
0.116049925706
0.0128553962236
0.0901472347167
3.04710918927e-05
0.00940973713265
0.0580051135863
0.00697553514455
0.000169448370151
1.70668413052e-26
0.0318213268951
0.00261402294406
0.000144045410369
0.0122648494085
0.000247649098401
2.36601511509e-12
9.2953856888e-05
1.65140331947e-08
4.17925845457e-12
8.4938303578e-08
3.35344129137e-14
1.35636211737e-18
6.1246233622e-06
1.27499647846e-05
4.31009062554e-08
0.0294839678372
0.132390716378
7.6285523135e-25
0.156127461545
0.146609869482
0.00475409787021
0.0579391143489
4.01446146203e-06
1.0850241149e-09
0.03428008066
0.243141577185
0.260817058513
0.0750351972563
0.00599435786364
1.92830274609e-17
1.41995552217
0.174443733191
0.000118848389175
1.24724108738e-07
0.174443733191
1.41490891857
0.342275397575
0.0938389533768
0.000118848389175
0.342275397575
1.36236691516
0.38038464581
1.24724108738e-07
0.0938389533768
0.38038464581
1.4295943056
0.147305390976
0.865939962205
0.497963795819
9.75618543017e-05
1.63279659109e-08
1.0306122594e-10
4.41219781102e-15
0.867135512148
0.2327739428
0.000108325791157
0.308008917601
0.178654194603
0.0426056074576
0.000614746490557
0.190364432697
0.000358284409334
2.1130559967e-18
0.416480264721
0.637015823274
0.191814165491
0.0171708583841
0.0128728387067
1.10685675687e-07
1.02654279224e-23
0.120472451827
0.312948162587
0.268217262378
0.241078907598
0.000610441583801
3.43291086878e-07
2.53145828932e-23
0.0142092917315
0.0985336583006
0.559942094577
0.427775775217
0.372642682442
0.104473080677
2.18642680326e-06
0.369838035114
0.545498358982
0.287590786154
0.0075061780084
0.519641708494
0.347849153575
0.000383004664509
0.319421778693
0.142016651564
0.00376168157329
2.80542233932e-13
0.129367875588
0.391298531796
0.0690256060492
0.0295867013052
0.00438853717581
1.32085092006e-05
1.55033461417e-18
7.26208911375e-09
5.81631447653e-10
3.93346321706e-11
0.146970144042
6.40595913517e-13
0.343741284696
0.0398861484102
0.000534005426868
0.000813720890483
0.80625766715
0.000216276090341
0.145955290204
0.0511413989439
0.0272497618818
0.00202617928303
0.245889793331
0.0200148622886
1.32246573613e-05
0.202526510329
0.5768569227
0.0115938119951
0.0715802605043
0.485099500527
4.15953803848e-10
9.81555714018e-12
3.55898085917e-08
0.187525567776
0.865050972792
0.000422815061625
0.0631464516591
0.646721129965
0.161235069294
7.52743041971e-07
0.00312294367674
0.0459323787045
9.97113538719e-06
8.50707551826e-05
0.000578615181966
0.0796272447744
1.42000969679e-08
0.186921744694
2.175572483e-07
1.21921583491e-10
0.41119182618
0.691634870485
0.0556184141222
0.00107277183586
0.141453205277
0.122848214422
0.0186442964367
6.36887542878e-05
1.48678784199e-06
0.0703172493464
0.0235965371101
0.0021811007143
1.68910646727e-10
4.8990797259e-10
1.49663719748e-07
0.172090396772
0.00257934563572
0.0798872440906
0.839983290742
0.0057986803822
0.114979682171
0.251949572003
0.0169437017578
0.154677599419
0.0673226727611
4.15957298918e-07
0.166434121017
4.75233741118e-09
4.0918512783e-09
0.401609560467
2.81762578922e-19
7.65959606284e-19
0.0917371317941
0.863262402147
0.0046489014535
0.00478910763103
0.0795787907054
0.000160187892556
2.331705113e-06
0.159160577567
0.271081575569
0.00638614959599
0.120576348034
7.61016671894e-07
0.0107862480103
0.0101058843086
0.221102162932
0.0813323865338
0.0268184372338
0.749497037361
1.05093168837e-11
0.328176930331
0.191901834941
4.50970511361e-09
6.18955849565e-18
1.67373983111e-07
0.145132178437
0.391328116616
0.00361551543635
2.01642051845e-07
0.0749129515877
0.825106293986
0.078033011067
0.0226614008883
1.52782930355e-05
0.260268311727
0.318015448074
1.82559772246e-06
0.0835808139772
0.0645849257227
0.274304858972
0.109633830738
2.0540089033e-11
0.150363855892
5.7782117444e-10
6.58139357099e-12
0.846117551531
0.83307003149
0.0182278521976
0.000258831064954
0.208337334627
0.181088003745
0.0160001663473
0.000370919093278
0.000229488138035
0.0572000727966
0.0350826280636
0.00306502633439
8.61932990962e-08
0.160639481978
5.18332276075e-08
6.78991069802e-11
2.3217145404e-11
2.03315401454e-16
0.859981099933
0.0670658248676
0.00141549595908
0.001282769201
7.06054435939e-06
0.241021429479
0.0763410460277
0.00398541272279
0.0765038764491
0.0114939838429
0.0790798748944
0.0875740511283
0.00987841450816
0.416436507294
0.0958931633129
0.171383455307
3.7065781812e-07
1.116416861e-09
0.87901437764
0.0902627819307
0.00347934657796
0.27375845497
0.143717919025
0.00732200366399
0.075035343372
0.185496219437
0.0208220623177
1.06868964444e-09
2.45884142745e-07
0.159089254241
0.387938768677
0.00246258149183
0.0781328479736
0.855852519446
0.0808510672912
0.0119238997676
0.172507091864
0.282623749401
1.43855445479e-06
0.0325775355821
0.218398850509
0.0841544064512
1.76548991317e-11
0.27278148451
1.31166901656e-05
0.438330835106
0.820133875991
0.0939006009209
0.0451148285225
0.253409228673
0.132837650194
5.42357029222e-08
0.138439752643
0.322376374534
2.4467250121e-13
6.56456959687e-12
7.73258487763e-12
4.59274298216e-10
0.156518626621
1.12893513322e-21
0.892878482272
0.000134866244715
8.80329574941e-05
0.0159314346822
0.767265482058
1.44520597501e-10
0.217207938833
0.00029007536647
0.0133187603577
0.0107551648775
0.142056347641
2.49692437329e-05
0.00021842833075
0.00450716122237
0.640880191122
0.145362423648
0.0618345931725
0.173898773866
1.11773627203e-07
0.142973009245
1.40680747531e-07
1.68080756863e-09
1.11083912801e-08
3.61199388578e-17
0.383457678521
0.840181285369
0.0805409072171
0.0031056814133
0.00679990695251
2.66873882037e-07
0.0929670790628
0.275265418424
0.134555544242
0.00949499762474
0.144685826335
0.00348495907183
2.3300029237e-06
0.0678814616705
0.234789284703
0.0256345464005
0.767294439575
0.457092539648
3.87042832536e-11
1.32059975339
0.269860796456
2.60827533915e-05
0.437505800278
0.201102845034
0.0171003848509
0.000275637469997
0.269860796456
1.39533691954
0.245423822013
0.000526169886071
9.66091353038e-08
2.81643722766e-10
2.74075168477e-15
2.60827533915e-05
0.245423822013
1.41923285691
3.90751201793e-20
9.32758998634e-25
5.21269633393e-26
1.18452132654e-37
0.437505800278
0.000526169886071
3.90751201793e-20
1.25011847106
0.786113736103
0.186331227128
0.0153375922703
0.201102845034
9.66091353038e-08
9.32758998634e-25
0.786113736103
1.32851386514
0.469504368542
0.153403392616
0.0171003848509
2.81643722766e-10
5.21269633393e-26
0.186331227128
0.469504368542
1.37231735783
0.274322952679
0.000275637469997
2.74075168477e-15
1.18452132654e-37
0.0153375922703
0.153403392616
0.274322952679
1.4311564608
0.43039609996
0.0985361869926
1.09632482643e-08
0.561256658388
0.594676826372
0.282635360565
0.00384807775542
0.00119968252339
1.41670996203e-06
6.43716804273e-23
0.0361882484915
0.181829028638
0.902994607137
0.289045893168
1.93305109852e-17
7.84661231703e-25
5.66991534561e-45
2.92655322291e-14
3.24343127989e-08
0.104338986942
0.826756537907
0.947441360577
0.283941576712
5.84564602635e-05
0.455561382601
0.14310965889
0.0139110056738
1.64348824596e-14
0.737484068059
0.450432120884
0.005125327469
0.244859384091
0.00981949677713
2.56787428043e-05
1.87524128716e-19
0.183287411129
0.470668716147
0.341915410273
0.0180838043822
0.000518373403175
7.28305016921e-08
2.00409037025e-21
0.0175881038259
0.316967252074
0.00428918861318
8.0777959057e-05
4.58747453376e-07
3.00576732938e-11
3.56409414627e-31
0.145530547287
0.00252117554839
0.00129148739533
0.927508116207
8.74067127491e-06
0.188947124561
4.00895352875e-08
2.929686013e-09
5.12549425531e-11
0.241251121896
4.56014373474e-13
0.545990620657
1.07315609198e-28
1.75064001499e-26
1.39284056064e-31
1.5345377577e-05
4.06192970208e-32
0.0414919344835
0.322934695717
0.00646800740712
0.00265420331601
0.4898268212
0.000862489702444
2.41544037984e-05
0.259277216083
0.00763785092416
0.0021058014944
0.289761499887
0.00751107814113
5.95297368112e-10
0.0229231218948
0.00414028559147
0.00114087474204
0.0993354451148
0.0438842285706
5.50821895155e-13
0.106059498732
0.178630255238
0.0229725230321
0.0224730746558
0.264561454271
9.02278251909e-19
5.23875261461e-05
0.0481181107603
0.509492474392
0.117263918884
1.42481051806e-11
2.13302746847e-07
0.295894348243
0.911085528097
3.03891003569e-31
1.89905536789e-28
0.00118362645546
0.267814238545
0.000207775221278
0.102337706178
0.209700354002
4.53267530119e-06
5.17190171815e-05
0.0505703857469
0.0830625472688
3.96626532735e-10
3.27334547182e-06
0.000474048592114
0.0179352002617
1.82969416177e-12
0.00896172819633
0.000952537713447
0.00361298731874
6.84984824201e-17
0.593893980231
0.0933983416963
0.00055557814118
0.1616725016
0.309836220753
9.29759439503e-07
2.14754695594e-10
0.591082573612
0.000429997484435
2.04941787425e-26
4.2481352442e-30
0.00759570052024
0.311907790906
0.171461042302
0.000742669381954
1.63076470728e-06
0.191729234153
0.104688656823
0.000452590336631
1.73327809684e-11
0.0551211616913
0.00308089619195
1.29502084937e-05
2.49378436789e-14
0.00302896934337
0.0295901135181
0.00122949913265
1.44153169043e-19
0.0062912090481
0.185417258896
0.861039688167
6.67417845957e-10
8.77371475278e-07
0.294586920533
1.99695524736e-29
4.42675680241e-26
4.35232141369e-05
0.0132590124439
0.363984847134
0.406846421535
0.011010651338
0.268792030185
0.234256889652
0.00192743211022
0.0187058655591
0.0562068373103
0.0105891625328
0.0836258881954
0.00855647946887
0.188981361997
0.942121546674
0.00697069229137
0.00659558218514
0.117277519304
3.85463946027e-06
9.59158296363e-07
2.29792456352e-06
0.263426098159
6.69513242141e-09
6.30040690305e-09
0.642983432414
4.59003427282e-19
6.6241446421e-19
5.09268982034e-25
0.000106222463702
1.54249583735e-28
3.02578122781e-27
0.0834990951232
3.65990865055e-39
3.2776075762e-42
0.353771766888
0.376583308053
0.0166110707605
0.0256059878031
1.32290328473e-06
0.00400386000286
0.000284164072321
0.252791051054
0.207866238507
0.0112043013468
0.185121844415
9.2145273173e-12
0.112333921224
0.00164091642667
0.0173456022027
0.0425855944426
0.00174133707605
0.382693322283
5.69324261315e-15
0.622479218019
0.029297301352
0.0640702180661
0.00497890170943
0.0102334360344
0.494116415911
4.08365896902e-21
0.130692407092
0.456433978652
0.00510394186199
7.67231896055e-07
0.173874827502
0.939149522575
0.116668241046
2.26794195775e-09
8.4766825478e-18
8.26665014322e-07
0.232505515467
0.605094665525
2.44434860422e-26
7.81425647797e-44
1.60579116664e-25
5.55518167506e-05
0.0508308071779
0.0158255009952
3.57039236333e-06
0.366882011913
0.431248226342
3.72557208003e-06
0.0157824426642
2.16861816809e-06
0.321946191956
0.244269821232
3.89933457047e-11
0.00870046686819
4.51880855803e-05
0.0406744872511
0.0586670549322
2.10279774104e-14
0.093244304491
0.135335567477
0.0551118917969
0.0126498909623
9.78874394993e-21
0.831961266719
0.0751861439544
0.000243104946627
0.206860579756
0.237987278153
2.8033037587e-09
6.07376936162e-12
0.962107564533
0.000153225946724
4.56069543673e-31
8.83768588187e-32
0.181648510978
0.371544492586
0.185809694107
0.000631273467417
0.000117034254448
0.248542369742
0.141217495516
0.000405096592471
2.67946989431e-08
0.0933948545313
0.0144727903724
0.000130747514533
1.9975837344e-10
0.0397136007504
0.136215025812
0.0133458041945
1.44916922776e-15
0.944837949115
0.164167205824
0.00441728980381
0.00510733553754
9.86920049995e-08
0.26107142292
3.03975358034e-07
8.11222208247e-11
8.80067240428e-11
3.92282517571e-15
4.55101637912e-05
3.19191502319e-27
1.20791871284e-30
4.98447235311e-30
3.71056745152e-36
0.460512838198
0.33644084001
0.0098448516917
0.0244523128929
0.000131779664214
0.287594821034
0.249098120386
0.00794947419232
0.0658744509878
0.000999295595233
0.0850564822657
0.0255167570094
0.00151448819447
0.0977243971241
0.0110185351724
0.0118780918148
0.15683177287
0.0116302083817
0.376416566947
0.0230108591088
0.942824133163
0.191052812251
0.00802102763689
0.279913418578
2.06364145603e-06
1.77137146554e-09
0.000233953760178
3.81745977907e-25
1.80516058723e-29
0.37524761003
0.362821974069
0.0170461465993
0.21880626024
0.261635676897
0.0139785428258
0.0488830446289
0.0193036572752
0.00244106929845
0.00657046339951
0.0632064331639
0.0102625019433
0.00634090117978
0.180901828847
0.944266490288
0.118543483957
1.07739867192e-09
1.25046573456e-06
0.251264996899
0.604421567873
1.49634121311e-28
1.96565871936e-25
6.63547505872e-05
0.0541369915908
0.0153605441881
0.356254849412
0.405025108791
3.04254144644e-06
0.0136101978857
0.278749694292
0.224327496139
2.80916743867e-11
0.00332376527706
0.0261260982726
0.0499741846554
1.45910644756e-14
0.0188801574298
0.0738360633267
0.00990540794925
9.48425956548e-21
0.688589656524
0.133836059247
0.0725791436217
0.396041810217
3.66783309996e-05
0.671077156515
0.00098663914969
6.18438936691e-22
0.085020695902
0.273423168258
0.204709826421
7.092616579e-08
0.184046053228
0.0890740994792
1.9348088799e-13
0.0333621737626
0.00568740264348
1.01484826542e-16
0.00104255345691
0.00918973436096
1.04552019512e-23
0.000160432251345
0.000186484670711
0.0565574610256
0.767942802803
3.64861936814e-10
0.20577884788
3.91066263507e-12
1.53311130939e-11
2.12232337068e-09
0.242456919509
1.76995269456e-21
0.972965403799
1.37901263594e-31
2.00174136201e-30
2.03590799846e-31
0.000143829229476
1.41930900021e-46
0.169209690556
0.000365146349506
0.000690585451589
0.140530211695
0.344289094241
5.46117090735e-08
0.000115583387157
0.000260353406009
0.00127657261784
0.102456748609
0.210988847975
1.86050413419e-07
2.67555935294e-08
5.68029051723e-05
0.00469944332876
0.00829471578383
0.0860203752869
0.000106101045676
1.99738082697e-10
0.0127082242623
0.386835660061
0.0899463660412
0.0372538741613
0.353866878531
2.53607192434e-15
0.979554272778
0.192338946874
0.00884463248844
0.00999701575113
1.47941134182e-07
0.134381837907
0.230852745562
8.45710836862e-07
2.46840465356e-09
5.3088813502e-08
9.58401782573e-17
0.608162435358
4.15524609679e-05
5.18326985561e-26
7.2970974852e-29
2.90490119599e-24
4.29698018347e-39
0.063272696763
0.41427066938
0.378761394716
0.0187205407294
0.0341574294303
3.82408130513e-05
4.41744836634e-06
0.220935921689
0.289927477448
0.0162321183436
0.0869346079972
0.000533265294908
4.96534024049e-11
0.0481179521041
0.0205739069425
0.00313658820545
0.0344610706448
0.0329056033689
3.23892474367e-14
0.00697188831685
0.0384769307722
0.0142745231217
0.236175190913
0.278904484486
2.79993418892e-20
1.2530155747
0.302605125255
7.88534378599e-05
0.792865629398
0.295879789664
0.0157107034781
1.43185371875e-12
0.302605125255
1.4482579123
0.256697771477
0.125669437675
0.0160317342771
0.000157857933818
1.01452122167e-18
7.88534378599e-05
0.256697771477
1.44115522781
2.67777786662e-09
1.82119105477e-12
7.4512890321e-20
6.30827987061e-38
0.792865629398
0.125669437675
2.67777786662e-09
1.33958066421
0.783283718539
0.156042978398
8.74659316343e-10
0.295879789664
0.0160317342771
1.82119105477e-12
0.783283718539
1.36803680408
0.384955704768
4.23312307053e-05
0.0157107034781
0.000157857933818
7.4512890321e-20
0.156042978398
0.384955704768
1.40291031574
0.23842303834
1.43185371875e-12
1.01452122167e-18
6.30827987061e-38
8.74659316343e-10
4.23312307053e-05
0.23842303834
1.44139667023
0.275587031257
0.0058187820205
0.00209319477235
0.435789511412
0.00100584295194
5.49502456278e-05
0.131022465803
0.149118509811
0.00866199352814
0.182036569723
0.376438061528
1.22019726884e-08
3.22531502337e-07
0.000296622841388
4.38160622422e-09
3.12544556306e-05
0.074576405815
6.51502969728e-27
0.172178857222
0.00449886975438
0.00128665219083
0.44186567052
3.28074994899e-05
0.00899454545524
0.00658916274654
0.000292999581522
0.000103548584557
0.48859546883
4.04861840006e-06
0.144347070163
2.03321772527e-05
5.37835429404e-07
2.7866498599e-07
0.307951592408
8.93923573192e-10
0.548929148728
4.75723407473e-22
1.11631583679e-21
5.3679987025e-26
0.00196642371504
7.19409491482e-27
0.199646363024
0.000144646693173
0.120755536947
0.253573892923
7.45110482517e-05
0.000110869567874
0.0198043452044
0.0603064853108
7.071508917e-09
3.85491763138e-13
3.55546186641e-12
2.62656724986e-07
2.51559616347e-25
3.04541239521e-05
0.0526743165246
0.336029741405
0.00288673013109
2.79646628366e-05
0.00508316777878
0.530350918208
0.0817420584507
7.98888646304e-08
0.000165577744333
0.542336759105
0.633739254306
1.60788897273e-25
9.3684393575e-22
0.0178248126812
0.397013637922
0.38129999862
0.202428306269
0.000777788358638
1.10353533615e-05
0.113344839572
0.0520237303406
0.000525797870009
5.6355652712e-10
1.70412173711e-06
3.09294613611e-10
1.32989725409e-12
9.92493965596e-29
0.409014055094
0.145445097924
0.000484178475864
0.00239263611219
0.50704687725
0.0202878851251
0.000143205739484
0.114654185474
0.487007031755
0.000350995196812
1.25872911387e-06
0.450603221331
0.010906079851
4.39015364284e-20
5.73956576129e-25
0.0674163964073
0.0116781481518
0.389855470513
0.458050369872
0.0124710457562
0.160288143558
0.160475882637
6.97336796354e-09
1.54356190745e-06
6.43984643258e-06
0.00772661186707
0.267493787381
0.51017739818
0.000652367374246
0.0220735537739
0.516280759902
1.9159606484e-06
0.00017637914693
0.382796572124
4.53333651572e-24
1.05456715932e-19
0.00300197370584
0.406902650096
0.41543532891
0.0166817807683
0.0303245065484
3.76935913324e-06
0.00509960389301
0.000359614506932
0.184360061088
0.144625583575
0.0115099719131
0.62687580035
2.86089606131e-10
0.293862727468
0.100868702462
6.88781935419e-06
3.80601068245e-06
2.57473217991e-09
0.101440967334
1.37818065083e-29
0.335145649223
0.000872920572151
0.303693884099
0.397215340294
0.0123833494341
0.0130910915233
0.00160909635455
1.38611046644e-06
7.07032211676e-07
0.0350968333121
0.457031387127
0.0020010063097
0.00184685797029
0.0796211213524
1.85985225017e-09
4.48504952108e-09
0.00031430021375
0.319522976984
8.87410252933e-06
7.50805691764e-06
0.504228068296
4.60988464792e-16
9.04862222934e-15
8.58504991034e-19
0.00574990507932
9.12323996611e-23
4.6265865869e-22
0.195469416879
8.18942805615e-33
1.6930205705e-35
0.0160180905239
1.30024378566e-06
0.407016761916
0.417029075062
7.19219378298e-06
0.0337068394072
0.00186271547721
0.210730000896
0.175962781135
9.76831382642e-10
2.09380889974e-07
9.05488654719e-11
1.55123728865e-05
1.5052109911e-05
1.15874012111e-28
0.00819544616881
4.56427878449e-07
0.292709476747
0.371530943884
0.002574360421
0.00120699356368
3.57441384077e-09
0.0274484906703
0.439896826768
0.0818158084769
3.21589531698e-06
1.25513632479e-12
0.000124159931701
0.292760320774
0.521570892557
1.61582052856e-21
8.21143934013e-37
2.69040304905e-19
0.00428415838269
0.156449779958
0.376431482347
0.130282734732
0.000310375604737
0.000776874216304
0.176639626049
0.0758742603
0.00656669482284
3.94248827973e-07
4.95277585343e-05
9.75420724616e-08
7.70417019381e-10
1.11260314438e-22
0.506692947042
0.074050703458
0.000161292057616
0.0127036023304
0.521611012779
0.00178858546534
2.54524041254e-05
0.133602543618
0.286382898695
3.79708785979e-06
4.2500684768e-08
0.811666290211
0.0106447389675
3.33696664917e-24
3.86331077686e-26
0.306055351348
0.469040726702
0.337164681262
0.00692546715838
0.0235831657602
0.000161841953033
0.175375738985
0.213691414077
0.0150986006423
0.50337878626
0.360638444711
6.51708744695e-06
4.58899840118e-05
1.01544600249e-08
0.00891199048234
0.00952899877413
0.473955541603
0.215400186923
0.00398975200823
0.00478104921844
8.60817708798e-07
0.505944749782
0.0135407647736
0.000192119925879
0.00015299996577
2.88001603651e-08
0.33185269926
9.91358316678e-05
4.25206621878e-07
2.38913476007e-07
7.32607133805e-13
0.00354505989378
1.05192357335e-20
3.27877758067e-25
2.37196815896e-25
1.14427308512e-30
0.434650926688
0.409926527866
0.016312445309
0.154561064673
0.156921245414
0.0133986989368
5.20046637226e-06
1.02252166892e-06
6.80040708262e-09
0.437747203567
0.300668336704
0.011272715108
0.48451307784
0.0326833625252
0.00111505798454
0.334597425535
0.000293058158197
3.47719376027e-06
0.00869638575864
6.6889811707e-19
8.7638987999e-24
0.014590386111
0.400522924199
0.428306876779
6.36626997506e-06
0.0169452357609
0.180274396679
0.159601584246
7.42835288608e-10
2.50366264149e-08
3.39439205632e-06
6.35936813499e-06
5.1138310394e-29
0.00913971216218
0.295752105767
0.405461982861
0.00253628349248
0.000951360538046
0.0301195022655
0.46351217489
0.082864609908
2.31275613667e-06
0.000199871360321
0.315266654332
0.518132742123
2.67045797433e-23
3.41486805212e-19
0.0044765810694
0.165643600411
0.37481075109
0.342738290706
2.24977506795e-07
0.110837354514
0.0776365226558
8.093608865e-12
4.92589973066e-07
1.66474644343e-08
2.12679484875e-31
0.40090089825
0.353263379434
0.000173741491776
0.463545173718
0.13792556602
0.0311913811492
0.499618443877
0.00267693896108
0.400006561896
0.0179120881706
2.62080237156e-16
0.185091764014
0.000228276871928
0.000584383304249
0.0981432581779
0.341476047846
7.06720892567e-08
0.000846124894985
0.0033509201344
0.0751503404407
0.0554877292204
0.1609616503
0.00725616743966
3.95687516746e-07
2.38826538761e-10
3.17414278415e-05
2.0034111003e-08
5.86281990751e-05
1.02499057278e-07
1.06775108342e-22
0.000139386252029
0.000287260602007
0.0558989155054
0.502223437789
3.77370850068e-10
0.0140074269162
2.01256133442e-05
2.07060152945e-05
0.00142533478305
0.52246221119
6.21934040431e-12
0.136363748524
2.94476803078e-08
1.63915460445e-08
3.61941356675e-06
0.300203649357
3.59182251777e-17
0.787856243312
3.57301107687e-26
4.33486691399e-25
1.5830242472e-24
0.00970762045718
6.20624287882e-40
0.280553885652
0.417485116547
0.405270553725
0.0188980889004
0.0369532883487
4.9371671535e-05
1.04534067483e-05
0.155479266184
0.15984365606
0.0154845650948
0.246955393563
0.103229365633
1.28383397378e-09
8.57520108143e-06
1.56851524538e-06
1.01449111136e-08
0.000472417470073
0.00061867825442
1.44935311577e-28
0.381287580334
0.281568935059
0.0132213627394
0.0196695806961
2.63729715501e-07
0.00327323195849
0.453278135986
0.0227382800638
0.00140333349442
0.00194363119698
1.10520474331e-08
0.0989642688139
0.28823684993
0.000156205718214
4.06766687883e-06
7.33353835209e-06
1.75335275453e-13
0.517753305053
0.00351601358867
1.22128466945e-19
2.34084198522e-23
9.41060353628e-20
4.73505884591e-33
0.173946815778
1.14939969372
0.699235551863
0.256289686089
0.282227127535
0.162814450797
1.93767126945e-10
0.699235551863
1.36614532063
0.10668812371
0.121920235715
0.409580071939
4.39978625029e-13
0.256289686089
0.10668812371
1.49886949649
0.0714015672232
0.00871141623675
2.37774825546e-13
0.282227127535
0.121920235715
0.0714015672232
1.36593729057
0.00904007582484
0.266167871609
0.162814450797
0.409580071939
0.00871141623675
0.00904007582484
1.42114839779
1.74083049452e-16
1.93767126945e-10
4.39978625029e-13
2.37774825546e-13
0.266167871609
1.74083049452e-16
1.4541567349
0.0861749622191
0.526888026549
0.235404865087
9.25537625335e-11
0.00760983046108
0.0561024740767
0.0789784060312
7.65028161564e-11
0.772802419694
0.334318798643
0.111370420255
8.76518565286e-13
0.00570728328358
0.0834721635676
0.647503438318
0.123857643429
0.00133975813718
0.000193152463974
0.00281407388986
2.34439978136e-14
6.1377975924e-13
1.84132073285e-09
0.245394578192
0.573502021454
0.232347454601
0.682904949631
0.192755411702
6.16732807074e-12
0.0669660231538
0.292207134693
0.0621018720852
2.8666738286e-13
0.0736600286448
0.273853784086
0.673767857521
4.56729603697e-14
0.792950039412
0.193116061745
0.0376513643296
0.17245218343
0.00178454696592
0.0244776568707
0.00121595098081
5.98773825989e-17
0.285792203829
8.38154129065e-09
1.31474658979e-12
0.859777711844
0.46619611867
1.04191125838
0.240271546245
0.169847671641
0.535625247441
0.10076106914
0.949402570437
0.256003948276
0.0579115473972
0.111138675345
0.307608011935
1.11297234016
0.00739190844185
0.0895350844249
0.00540086785945
2.65722783715e-12
8.01460960509e-09
0.237362646343
0.893836165755
0.200776539159
0.432851527575
0.335732569407
2.62849859217e-12
0.000115136894059
0.0234568312868
0.536716002938
0.0832128682756
0.166890891152
0.68137345316
6.97269120175e-15
0.00564884598815
0.222856367838
0.204885552278
0.0451387732739
0.880450563374
0.0647730869373
7.25082911053e-15
2.30524009612e-05
0.0130738835027
0.252927618305
1.1597250715
0.110702116542
0.0854743123478
0.218093091061
0.00124663364012
0.000628186473864
0.113034931108
0.00568110375931
0.00813718679828
0.431520255791
1.38958852367e-18
0.0519581632079
0.274594503297
2.53517369849e-08
0.2870586846
2.25746225601e-11
1.81308130512e-11
1.15517193551
8.20187395306e-23
6.64516196178e-23
0.370147536753
0.0828672947037
0.825945567221
0.207980574891
1.04729768204e-11
0.221653148843
0.128211529377
0.509287083686
0.0843555821137
1.00637810533e-14
0.848073328288
0.120372756806
0.171747988177
0.0361086743957
1.39456961759e-14
0.108404604927
0.00805063063767
0.264773161759
1.16695786762
0.230914063099
0.0265092982273
0.0382802087851
0.0917605727388
0.0130407113108
2.42256680627e-18
1.96894956708e-11
2.6585809031e-21
7.09897949456e-09
0.267084843507
1.18241880733
0.267306816199
0.824177020929
0.320643546929
7.47424880681e-09
0.101626541745
0.331114286692
0.0978574562586
3.21407298974e-10
0.0813018562831
0.264598318383
0.930283989358
8.05748482351e-12
1.03049768409
0.220864217815
0.0549414011388
0.181350741098
0.00487971677138
0.0401917185142
0.00460506667172
2.1423059749e-13
0.153481587399
8.32906789254e-12
2.08612165167e-13
0.499304017195
0.261337659219
0.924873109036
0.447413543428
0.34397954179
0.050566613398
0.102938344116
0.406905759984
0.155332591459
0.619557040608
0.245791230793
0.0631161882125
0.244351847952
0.974528092392
0.0908028428295
9.47311021009e-05
1.30994617494
0.27579729111
0.100407229561
0.110685457209
0.000127716769029
0.00454135256919
0.0762397965831
0.00580841924918
0.452550605455
0.388787628781
0.276970163907
2.24134863385e-09
5.31516389706e-13
7.46081630856e-14
1.43044900922e-20
0.217649618042
0.979842983933
0.462029110063
0.0914301601396
0.529187380166
0.170531341626
0.0512852891631
0.237235272029
0.927625741107
1.15726046701
0.294543852549
0.114801176954
0.00528028438546
0.0873131059474
0.00752941865243
0.297741587772
2.22768907987e-08
5.13195146977e-12
0.467567486203
0.973908588089
0.228423358754
7.96771112788e-12
0.19938396404
0.557645690271
0.0972900710739
1.05016925736e-14
0.885757344957
0.218233452489
0.0505147281878
1.90766297667e-14
0.121334834311
0.291323472988
1.21642786605
0.232578881557
0.0131955624291
0.101079319577
0.00866753252662
2.55475984187e-18
4.41497827704e-12
1.17209055996e-08
0.273777024614
1.21643120467
0.107508943599
0.243916062903
4.00267665874e-14
0.0322642797641
0.341967426382
6.16528816777e-17
0.010576689799
0.0357874025608
3.84816768877e-17
0.868284842033
0.127811350886
0.155001542311
0.004166259923
0.0508876770871
5.28960145091e-21
0.293564878475
6.38833792612e-07
0.921034482516
0.312363739471
0.477269911835
0.909883766181
0.272145918334
0.0137120539576
8.00220884018e-09
0.104211401801
0.857841802559
0.604367272756
0.120375532437
0.0747183297607
5.49712387999e-10
0.892868918727
0.113153666111
0.255629495076
0.0907644225224
0.0208411106666
1.29740908402e-11
0.0560218102716
0.0705434699297
0.202957097062
0.964283091458
7.00782954093e-05
0.186020005813
0.00635724675101
0.476750758831
0.111008242152
0.00656183809967
0.230592364176
3.89403843291e-13
8.22166785133e-14
3.06358070588e-15
6.10913636672e-12
0.145743624149
2.64950032971e-26
0.504343292408
0.222392486234
0.920575890657
0.462218310345
0.417002769498
0.115587148788
1.46596511688e-11
0.0873658449167
0.564825273096
0.180787240226
0.916127983887
0.419994051608
2.78723051686e-14
0.0477710238065
0.203836107325
0.897805770099
0.0708229987569
0.00123881326948
2.8243650836e-14
1.20334772364
0.27258542899
0.118955784157
0.100981436806
0.000807034353351
0.240467896451
0.00563538932305
0.0891728457447
0.00916098177414
0.369688221634
0.429478131707
7.37362971362e-18
0.278307617788
7.75375704e-09
7.2781521326e-12
1.49316481569e-11
2.57050921081e-21
1.24058065139
1.4884148713
0.29448121256
0.0730292257517
3.84069991474e-13
0.29448121256
1.2950456258
0.312985530008
4.46336422391e-10
0.0730292257517
0.312985530008
1.36659669839
0.217097774361
3.84069991474e-13
4.46336422391e-10
0.217097774361
1.4454767428
0.0326112495809
0.176429650737
0.801908003515
2.06738604779e-13
0.199469170668
0.74109282203
0.429180207856
6.82632048792e-11
1.08475141535
0.254697968337
0.100442348284
0.153045760038
0.215266142051
4.26130968847e-09
3.18654465152e-12
0.596168131024
0.444717995126
0.0813823325923
0.00385806090711
0.590882650395
0.515904815357
0.0810417293139
0.196301981196
0.269632650914
0.821672584492
1.76139981396e-11
2.66431485094e-09
0.177748363735
0.0753676643319
0.00246805566809
0.422567361683
0.00616745283211
4.51301507699e-14
2.19147936961e-08
0.0063116065416
0.476961996334
0.0668697831926
0.597877920177
0.0320467416069
3.31956492181e-11
1.54254649551e-07
0.000391521079512
0.234778169877
0.616976548093
0.194031300926
0.0703591987963
0.135640331484
0.000150025004636
0.000340225934234
8.93210100591e-09
0.164385965341
1.3498873142e-10
9.31575390558e-11
0.579909843034
4.85168326366e-21
9.64260474049e-21
0.428859217382
0.0185899954329
0.0451320874076
0.000549503365612
6.28741703434e-14
0.468807743381
0.102827034173
0.284155343653
0.046857131414
1.19972922167e-10
0.172532931061
0.00405541868324
0.202830579185
0.565418785626
0.165807426335
5.03813392712e-10
3.4768849673e-20
3.59216075753e-09
0.124154432465
0.547695381417
0.0137838149636
0.0896367868047
0.540700567982
4.25413576155e-13
0.155621979104
0.558055129936
0.502065805312
1.87881822942e-08
0.726620306494
0.203553341568
0.0868456752426
0.222600734806
0.12522395704
5.69736699027e-12
3.3478214919e-13
0.900588877152
0.00541233327046
0.0814348832888
0.480125212044
0.0078147986899
5.45232145555e-08
0.100409707003
0.566896505245
0.600370670931
0.0499737791941
2.92659227757e-07
0.722009222092
0.260592433458
0.173302401796
0.0760027461736
0.000114410670819
0.155281476271
7.78555020306e-10
2.77372288705e-12
3.01816676117e-13
1.14685278694e-17
0.002848765092
0.0776707652113
0.441807553509
0.0712438974724
0.483708351762
0.601980009744
0.669305735945
0.264009057243
0.205360392491
0.18444259299
7.78661585596e-09
2.80036051103e-11
0.428452869716
0.0582400960858
0.001741125673
9.83455766538e-14
0.564434116567
0.398337606743
0.0642520296944
1.03108078625e-10
0.184490515523
0.234181743918
0.625275838086
0.16497482
5.35372807867e-11
5.19735666161e-09
0.144513714625
0.560039112641
0.000701756390444
0.00350766028073
3.39796338235e-16
0.0814024763071
0.0658856493036
4.26895249637e-13
0.72828133546
0.197953180503
0.0729116790382
0.269313165327
6.39141451156e-07
0.649737712887
0.562240402975
0.0274620668983
0.0877061822347
0.0155909900485
0.0158571526252
9.00463658464e-13
0.467923225921
0.0928777791445
0.512088323297
0.151873611657
8.25375576731e-05
2.25669040254e-08
0.0742244392549
0.0338959699131
0.194555711808
0.767348776465
2.18669219652e-06
0.233052081079
4.13168308959e-13
4.98176428239e-13
4.42167023541e-12
0.136607037925
1.69967483001e-23
0.955184170671
0.00215706405976
0.0648868726093
0.435381056321
0.00292419473027
0.000101664416915
1.31055765399e-13
0.0702244770009
0.440507163826
0.583241544566
0.0379751000867
2.74189304305e-05
1.71069079028e-10
0.602317548728
0.245611284027
0.194961524679
0.133765968846
0.000156947963523
0.167061419884
0.129170474357
2.51580806623e-09
5.0976568882e-11
1.89650114044e-09
1.12058410421e-18
0.558546585349
1.36762559566
0.312143956424
0.097284798452
0.266653041292
0.312143956424
1.28231869239
0.462240725054
4.44664371293e-10
0.097284798452
0.462240725054
1.43025753101
3.23253095844e-13
0.266653041292
4.44664371293e-10
3.23253095844e-13
1.45607852188
0.140217770194
0.281329917803
1.07826570951
0.520044716018
0.723040559437
0.1713137949
0.709818050886
0.193940548775
0.0289126526942
7.88754840692e-13
2.92035561065e-10
0.245831700581
0.272460300337
0.791495833299
0.157945088628
0.0738932823417
0.21132985088
0.000208468051167
0.000147377082133
0.651183874856
0.156482815715
0.544424650119
0.120717514733
1.70791300524e-10
2.20817114177e-06
0.00252085842199
0.178969449125
0.0259273430962
0.663771798083
0.0310548916989
4.38359262606e-14
3.46037790106e-08
1.77164325705e-05
1.03527060177e-09
0.220309423378
4.24294442262e-12
1.97135304246e-12
1.08626341824
4.43956370933e-24
7.54402843616e-24
0.147164000064
0.00634816639834
0.273141450339
0.684803050428
0.209223403015
0.507982820795
0.136851106958
0.607082474986
0.107014404695
5.46899016675e-10
0.666720885945
0.0142848749816
0.157704477515
0.00879873097055
7.54334232121e-14
2.09453274908e-11
1.85509889989e-22
3.00861236623e-10
0.170548474821
1.08995040108
0.7464345246
0.16686834447
0.0557459152763
0.180514533022
0.234218730381
0.64426545156
0.36405862302
1.52641320388e-07
0.042158516528
0.204810992239
0.793311375981
1.87903203461e-11
0.121954260923
2.66658860593e-13
6.76025418506e-14
0.56599944053
0.918622727167
0.249504036339
0.107851992889
0.0576594457764
7.45284524749e-05
0.182377740853
0.644392282358
0.464726240026
0.14512585521
0.000376490893621
0.029387949971
0.17222566367
0.708877333663
0.0393518673958
1.88758803381e-06
0.220485641426
7.70200106985e-11
1.686124771e-13
4.38259759108e-15
7.06513280369e-21
0.871631101779
0.286660523757
0.155072416973
0.157555531061
0.703274245471
0.546166641767
0.0251547291843
0.189905663813
0.696351223853
0.262669380969
9.0103069342e-10
9.31427032077e-13
0.150183036353
0.275336859073
0.763045688775
0.217570297061
0.571963031784
0.670371559544
0.145504843092
4.63985093814e-10
0.679117505182
0.165335702634
0.0189417142226
1.04009676122e-13
2.04362171968e-12
4.99599299454e-10
0.185855708069
1.09304006978
0.843481433388
0.168873049495
0.12376865394
0.125930359305
0.256585611661
2.79178288157e-12
0.00844471125054
0.0419600786404
2.50713169766e-16
0.275104869373
6.29932571705e-08
0.94174591373
0.0616391414637
0.0543099690064
0.172345068544
0.773669358259
4.27601383322e-06
0.198312649665
0.379496388297
0.304193668974
0.696950738046
0.273556203549
0.00243600525152
1.79229960486e-07
0.809844504049
0.0678084889295
0.230825498089
0.0572248727775
8.78943690537e-05
3.20894622228e-11
3.43029009227e-14
1.25316881121e-15
2.05999038708e-13
0.127639189071
7.64928539176e-27
0.59538660486
0.733688584697
0.277942334496
0.158265281565
0.0916746091257
6.45556367397e-05
0.231084512542
0.149806351066
0.660442429641
0.570917806616
0.145206590722
0.00599645997143
8.07976664301e-10
0.0213422025191
0.171886758021
0.678402502672
0.0296355678005
3.77158306765e-05
1.59519857681e-13
0.190285976774
2.72288295509e-10
1.62006855991e-12
1.06839949035e-11
9.25400093868e-22
1.08404079639
1.46231515516
0.492701838536
0.099115026792
0.492701838536
1.28879255697
0.31385092601
0.099115026792
0.31385092601
1.39501995046
0.417499166651
0.0827102892542
1.3937361416
0.104789852411
6.81659021567e-14
1.52276155278e-05
0.00147198407464
1.10331305849
0.286723464083
0.48136032581
0.34117142764
1.60046365235e-10
0.000531920439439
0.0207269807052
0.279257607702
1.11620231425
0.100101134247
0.0863288476131
0.187952628008
0.000140528142571
0.000278938585918
1.16103920481
0.155307871975
0.350946934384
0.0660695568357
1.19449134067e-13
0.431313507807
0.0561414356675
1.09672564623
0.2970414251
5.95844612897e-10
0.0902244595617
0.00246153484839
0.273011496797
0.981189266266
0.168651067468
0.143074887535
0.47121751328
1.18875366124
1.28595979135e-10
0.277204461462
0.716436505664
0.261719798435
1.74521733503e-07
0.904091197825
0.154906038013
0.0334452749068
0.17449849971
0.104416207205
0.462229678056
1.4237109625
0.141016724327
9.41433937345e-05
0.308699065463
1.04555376723
0.442362994642
0.375994231616
0.0154825259011
1.2423610885
0.262481704888
0.0844237556121
0.0935982412028
6.78899711293e-05
0.0918509962887
0.471734096509
1.4492041136
0.303315624354
1.26203100815
0.503362858813
1.22202174759
0.314404681782
0.104155155403
1.40413336183
0.437354536188
0.088068799169
1.54917304748e-13
0.520980894752
1.24228683559
0.314624415266
4.54014636903e-10
0.104643589236
0.300080910304
1.09235751536
0.181047476996
0.0250316932807
0.0946224492193
3.87702247301e-16
0.161432714666
0.33248626996
3.66114302383e-12
0.92237826833
0.144516758194
0.103644106369
1.11132953993
0.15701178911
0.453298215569
0.159966300282
0.00134572689644
1.96841315078e-10
0.254308813767
0.302451376131
0.71449233037
0.284690574566
0.00188164911358
1.7832228854e-07
0.0335011764144
0.0417456511747
0.148666601836
0.889890965656
1.50153406372e-05
0.191252529052
0.0881187875194
0.421591313751
1.41313013939
0.128250715576
0.000600500405605
2.63441808267e-13
0.303040746298
1.10300356516
0.508538982396
0.412311156869
0.0330054037498
7.77985728079e-10
1.06300323147
0.291055765222
0.106391257215
0.104167533176
0.000326395170419
0.199847713009
1.14791464367
0.28394485686
0.451197377196
0.419989371865
5.7939695492e-10
0.000645335563693
0.0287783963307
0.28394485686
1.36707199836
0.098327234229
0.093349628121
0.265987791801
7.15175130293e-05
0.00011525528149
0.451197377196
0.098327234229
1.45579944773
0.123447010812
3.68479156033e-13
4.73403323885e-06
0.00247163462498
0.419989371865
0.093349628121
0.123447010812
1.42535504289
2.45254316119e-13
0.492649126162
0.466459515755
5.7939695492e-10
0.265987791801
3.68479156033e-13
2.45254316119e-13
1.45364347898
2.63287427709e-25
1.57799502811e-25
0.000645335563693
7.15175130293e-05
4.73403323885e-06
0.492649126162
2.63287427709e-25
1.36499659194
0.0354777304593
0.0287783963307
0.00011525528149
0.00247163462498
0.466459515755
1.57799502811e-25
0.0354777304593
1.36660092214
0.37726947582
0.0423565177138
1.08189382258
0.269781880744
2.06326534701e-09
0.081095229807
0.000954297558799
0.266781846889
1.28761170491
0.271272755891
1.20172694879
0.160299599846
0.370623409276
0.0731043199509
7.96627147474e-13
0.171924694788
0.0173767054444
0.441004516745
0.0994595736777
6.21507451281e-13
8.35285392964e-13
7.62876215012e-24
1.43459312172e-10
0.239051632453
1.3916950164
0.000322343576295
2.33720312882e-06
0.00117259658679
0.00025617013605
1.01280186978e-24
0.0717445873675
0.0317349007718
0.02298149544
0.000926553697203
4.46518380353e-25
0.23748176088
0.521444070887
0.199585450301
5.27779532512e-07
0.813617501951
0.106203239635
0.0184542292448
0.203729924117
0.157907174799
0.438001930274
1.07116475047
1.79819637366e-09
0.0953576968316
0.133084220268
0.0255442055541
1.80466359146e-09
0.0855331339768
8.42096480504e-14
1.5069496246e-14
0.573505980067
0.0041732188415
0.000235563975972
7.43290193235e-06
1.18444017206e-18
0.00144853277195
0.0704413966637
0.00156807039586
5.00281207281e-19
0.256988357413
0.8446691738
0.348889357904
0.317806703407
0.0598531100457
1.21208036258
0.214525553087
0.0590320604108
0.0649932179684
6.34923887799e-05
0.0996667468564
0.424963489061
1.32038574816
0.127058905864
9.15026298965e-05
0.0743853722163
0.26705484977
0.0758238886485
0.701317104313
0.19588067078
0.231258316999
3.88059826707e-11
2.23367942757e-14
5.78673243005e-16
7.40852970361e-23
0.00044259977259
0.00917976718314
2.99974422483e-05
0.1088975999
0.0212894051639
0.0005115549927
0.141159903
0.00151296356058
0.418694301179
0.0945264510227
0.282232289175
1.15023499814
0.443499791744
1.31265063088
0.304848686684
0.0925810635291
0.0974843337369
0.483750299691
1.43478201097
0.0896453888585
0.36874004654
0.115823802764
0.247982831537
5.01205000446e-10
8.2446604587e-14
0.000104049567583
0.000303441043451
1.21787819928e-05
0.000207380370451
0.0130121297048
0.00175793719567
0.447539422677
1.14026609854
0.282286375993
1.56949612041e-09
0.091136225364
0.286063656847
1.34301552647
0.275681367738
1.41067854823
0.44742765214
0.09240623372
8.15796244708e-13
0.126090498535
0.401164245539
0.0952194643071
5.85369655773e-13
1.10991834749e-13
2.46536089681e-10
0.24760988153
1.41051586976
2.92475330203e-05
0.000616201088099
0.00012066957037
6.25388234553e-25
0.00366168388948
0.021424406622
0.000477843808206
3.85588405864e-25
0.188326612455
0.469167715008
1.5602379274e-11
1.04053766533
0.176305790362
0.196948313151
0.0497123767296
0.165851768578
2.68833873785e-15
0.0539120768714
0.231987458424
2.00431142081e-15
0.276167636532
2.1944926193e-08
1.21991868091
4.70503627098e-05
2.95644372026e-06
2.39281587536e-27
8.71598290212e-06
0.000648329731794
3.19377000212e-28
0.195229705731
0.322449598107
0.55336565964
0.242463451406
0.00239902200513
5.30840762338e-07
0.0214375859695
0.029714231629
0.107314024408
0.737712653391
6.75547182153e-06
0.207679999397
1.01024978154
0.164839514098
0.404764518067
0.170443433092
0.00119354615589
2.62704274082e-09
0.0294515134717
0.483468397799
0.194253092613
0.109631467927
0.0680692894239
2.5849635172e-09
5.22234700311e-15
2.97010037302e-17
6.05565866258e-14
0.0812352056236
5.45037991531e-29
0.571345578893
2.45652627472e-06
0.00209702299353
4.02470295127e-05
0.00508873659716
3.22030612355e-05
1.20661167195e-18
0.00100716280657
0.299160018076
0.0141541994431
0.00141291998726
0.16213673793
8.17420132296e-19
0.279575182557
1.10361259727
0.449513724578
0.489011677153
0.0590580158432
2.66153714089e-09
1.32700911081
0.281523983878
0.0960316847377
0.104407330142
0.000224709905209
0.280098350978
0.0952846212559
0.43844482001
1.42982590281
0.140922945308
0.000605834899391
1.68594719351e-12
0.0916358040151
0.409197021156
0.122447404965
0.801600896557
0.403835054523
1.23849061603e-12
0.247671857444
1.55114694808e-10
1.18311325784e-13
3.05558221148e-13
1.03268421879e-23
1.42284181922
0.00010855973883
0.000167707622462
1.47465155363e-05
0.0181005925677
0.0316592488824
2.05433408801e-24
0.000223669817291
0.00936797721369
0.00322438396129
0.304896331145
0.765791124856
1.33819880013e-24
1.45767725287
0.436630815374
0.383922186165
0.0868189573123
8.62988350785e-13
0.436630815374
1.35936645937
0.0472286386103
0.000734967144362
2.40166307006e-23
0.383922186165
0.0472286386103
1.27202214703
0.310492212293
5.09743222626e-10
0.0868189573123
0.000734967144362
0.310492212293
1.36948530097
0.266793920659
8.62988350785e-13
2.40166307006e-23
5.09743222626e-10
0.266793920659
1.4551515781
0.151182217729
0.472172014587
0.892958167449
6.64676434571e-10
0.0377457794862
0.300012825326
0.110213047157
8.47864210005e-19
0.236813703342
0.500816283026
0.167537253567
2.29087178503e-07
0.803156499542
0.109516800861
0.0126460926035
0.186162595266
0.0883681703241
3.37369755869e-13
2.14466913259e-14
0.533846031702
0.0948853074695
0.371098798818
1.09563186535
0.21644105473
0.000912298068185
0.00519725208592
0.0770350974648
0.151231458179
0.0398770596507
0.000410789410203
0.260715295305
0.78453327299
0.288946240448
0.3235792543
0.0454957005876
1.13840982692
0.214162545522
0.0490499827208
0.0715936241602
0.000566238834342
0.225454476382
1.4799707882e-10
3.54380804925e-14
1.87873877828e-15
1.19734526062e-22
0.0858133616202
0.431514909937
1.19084165176
0.00144301470587
0.0467211525618
0.159118719266
0.273229453166
1.1493296375
0.375210078078
1.18107974886
0.311847138587
0.0740691612393
0.23715148618
1.79076809445e-09
1.80300785519e-13
1.2432271945
0.423592736672
0.0908504592646
1.2499721957e-12
0.201754514308
0.0663288069884
0.00156649857734
2.53781214115e-23
0.416459868593
1.21693346972
0.293173518867
3.83428904321e-10
0.0837526511507
0.31288181839
1.33528739537
0.263559450268
1.66969504922e-13
8.68693350484e-10
0.268111192966
1.45026343548
0.0341505261317
0.148306595858
5.90399626778e-15
6.21125173581e-05
0.000685143329065
7.61920205643e-27
0.162965086468
0.424846394601
3.59329402819e-12
0.928940451588
0.157337525041
0.189011560929
0.309876101371
5.60303781076e-08
1.16132801039
0.851630202432
0.260743554057
0.386019401715
0.163548341969
0.044387068463
1.21724273826e-09
0.108503604703
0.348044916897
0.217792465491
0.037189002232
0.387228016251
1.72167504927e-18
0.178911007271
0.31095132856
0.51681020665
0.247425988949
0.000824291053943
2.31089805217e-07
0.0132154482311
0.0296955275287
0.0992985441906
0.718707550552
3.04329638484e-05
0.185074259528
7.37715655124e-15
5.14644522636e-17
2.37372383317e-13
0.0803217803799
1.07791160609e-28
0.543199614676
0.0851912465956
0.380786781857
1.22546778002
0.222528793026
0.0186867983611
2.45767588477e-12
0.00109352404924
0.0561388026015
0.192883123501
0.163867335794
0.0171568673946
6.81460077978e-23
0.275852422201
1.10537800039
0.398478954602
0.541638890525
0.0324421024266
6.79895593058e-10
1.33003632386
0.281388658457
0.0803734673459
0.119708353672
0.00115349192194
0.259715214458
0.259882906329
5.86676012362e-10
2.47750720574e-13
4.49873381269e-13
1.85213221235e-23
1.43204847784
1.36879711123
0.316345612941
0.099764597922
0.211818410591
0.316345612941
1.29317786255
0.495522048088
4.38459902321e-10
0.099764597922
0.495522048088
1.46860377275
3.40619176427e-13
0.211818410591
4.38459902321e-10
3.40619176427e-13
1.44424392612
1.01091762776
0.289897420556
0.136898419611
0.123305625211
0.0001496937491
0.204883837284
0.844092003904
0.499351689421
0.35264039469
0.00335911594016
0.0491472434095
0.307760858048
1.30341770873
0.0815147044435
4.29607988489e-05
0.188424254879
5.23067665989e-08
1.10813330073e-11
9.14521407764e-12
1.32048289231e-16
0.859156482435
0.266177776841
0.153210552915
0.129492015892
0.620167553054
0.462778105596
0.0248398611633
0.22619984135
1.14448869988
0.202260882916
4.65152290581e-07
4.13062171104e-10
0.162156104475
0.268982175285
0.857746637152
0.0895583080073
0.487183322352
0.633381611141
0.133621595152
2.67166364163e-13
1.08705303033
0.222678690315
0.0234839309849
3.40075357972e-14
2.75588884025e-10
3.06686467867e-07
0.198361950479
0.533864238342
0.797908916107
0.167173128712
0.0569606591497
0.0530290421411
0.0587975646011
8.15362122028e-16
0.00202653260068
0.0184546924607
1.08906940102e-16
0.326485016033
1.34681132343e-05
0.625076146241
0.089790899295
0.0946759505322
0.269246803008
1.31403486209
0.000189365848028
0.20989250623
0.468446581226
0.344762786542
1.01500813476
0.309551712482
0.0286976065724
5.12700770207e-10
1.43654632045
0.136957190072
0.452444990328
0.100543737032
0.00108106634944
8.09590517175e-13
3.84578625639e-13
3.47445987514e-12
3.03646499092e-10
0.206706843663
2.26172694978e-22
1.41290481828
0.831058755303
0.257342716779
0.162110626365
0.100916329986
0.000694389650391
0.0997399664851
0.131815428973
0.587226027458
0.483648956593
0.198293038701
0.048824623035
5.19447545274e-13
0.0209077098123
0.21039687261
1.10933784277
0.0324909145025
0.000849306545317
4.41094684895e-14
0.182356468933
1.75246862581e-07
6.38239742897e-10
5.05763501816e-09
1.31699632265e-17
0.539672832769
1.37433771901
0.290444261771
0.100251819988
0.111152479916
6.7872982728e-05
0.290444261771
1.16505457142
0.455931964786
0.534286690171
0.0292088254194
0.100251819988
0.455931964786
1.46200753874
0.144515869546
7.72172197386e-05
0.111152479916
0.534286690171
0.144515869546
1.45006990897
0.632124251947
6.7872982728e-05
0.0292088254194
7.72172197386e-05
0.632124251947
1.36386901802
1.25701684722
0.29582673548
0.106796899398
0.239598620158
0.949283969898
0.457723056917
0.0731936806652
0.404618548303
1.39527354062
0.0822012986834
0.325816021768
0.138411007252
6.80885391844e-05
0.0148011588286
9.64384105419e-05
0.108925951948
0.288853482797
1.22819712588
0.233468940065
0.459813063815
0.940028657173
0.244010566118
1.14375449268e-10
1.3488729254
0.376978581302
0.0704174867878
5.21329924649e-14
0.156555492421
0.354645617439
0.0862315966006
1.69139426638e-15
0.000262874333274
0.0272744127074
0.000181875914992
1.18307628834e-22
0.936295435054
0.126129427786
0.150328643391
0.128412325671
0.169798782927
7.19522808832e-13
0.0119652384041
0.0517385850189
1.39422529508e-16
0.0129021919388
0.061998698927
2.88168055626e-18
4.33965011541e-05
0.00756796920997
2.52350713127e-25
0.0439498509461
0.0514628867535
0.184999317761
0.955808395145
2.67507193635e-05
0.1971505068
0.283283289564
0.248212316985
0.735525641617
0.287471436935
0.00933400817868
5.53320005681e-08
1.23465602274
0.14600052341
0.469934823667
0.14757929774
0.00164259194926
1.85603830346e-11
0.0707524698446
0.464072960306
0.25910903231
0.134493804102
0.10618222037
1.32726308642e-11
4.93390425689e-05
0.089399446515
0.0172462208217
0.00022807129769
0.0180831859508
2.37622174934e-16
1.21188395043
0.276783095697
0.108859071468
0.0951855510219
0.000394462505562
0.248384263996
0.239169078964
0.847935575705
0.456096333487
0.289853736915
0.107684549855
1.99351363099e-10
0.0683783811183
0.36021327946
1.36039933799
0.0987348426191
0.000623818909024
7.51639362758e-14
0.0787311432206
0.290862928655
0.143985428628
0.711298741228
0.419752210087
3.71554514755e-15
8.44461524165e-05
0.0374642218107
0.00012709222009
0.241370767921
0.200611917964
4.23944498353e-22
1.3721335101
0.313327160694
0.0989317386076
0.313327160694
1.28789100008
0.492720154943
0.0989317386076
0.492720154943
1.46343319735
0.0986424485645
0.296884077474
1.26783287057
0.24699243257
0.509820329919
1.26250533448
0.322850999932
1.36419412956e-09
1.42771802935
0.457836259131
0.0949142028545
1.93753806603e-13
1.0019499684
0.150798575983
0.162531000222
0.182630294852
0.433872612817
1.31859659655e-11
0.0341190020742
0.116049641356
5.06448248782e-16
0.0258574903236
0.0335210186891
0.127153563203
0.794233931375
9.56407553129e-06
0.209901423609
0.222534149316
0.294484413121
0.642153529436
0.27413600093
0.00109367408487
4.6897016128e-07
1.07766741275
0.162634871798
0.440561628067
0.169707009015
0.00125412152076
5.9707309145e-10
1.25935454246
0.287909308158
0.101781808801
0.105760328981
0.000269247160195
0.262643318828
0.312253023776
1.14615630098
0.500872418991
0.453716522032
0.0253304998976
2.31693986159e-09
0.0961707804431
0.443744940643
1.4423295133
0.139368327406
0.00059144772134
3.80947045542e-13
1.4608354948
0.493086675379
0.0996656041465
2.14831825703e-13
0.493086675379
1.29101687076
0.313795679766
6.63946887385e-10
0.0996656041465
0.313795679766
1.37059965258
0.268059529118
2.14831825703e-13
6.63946887385e-10
0.268059529118
1.45678955065
0.0318307563479
0.132028274915
6.206016598e-16
0.170452642918
0.416756215274
6.04119751155e-12
1.00666369166
0.154821002972
0.187632450129
0.302794989439
4.73341229402e-08
1.15948036521
1.03672090017
0.200915557426
0.451703673334
0.180492612079
0.00323710331881
4.30765664364e-10
0.224540282417
0.333121995823
0.645448117189
0.277157494759
0.00149751981577
3.13692988168e-07
0.0242469884349
0.0357075608598
0.126718771243
0.776356160303
2.19005083377e-05
0.200431626775
1.17716515637e-14
5.32807134393e-17
1.92638477799e-13
0.0828203623012
1.19420964421e-28
0.541439214682
0.0964495406781
0.457082981164
1.44814389218
0.15595005261
0.00153887668108
4.13606224207e-13
0.297587784134
1.14869125033
0.476319924832
0.487433757196
0.036694081866
1.1573650499e-09
1.34258013088
0.292054071376
0.0992518850421
0.113903533994
0.000607003010695
0.266784669772
0.262357030697
4.40871791915e-10
2.61211849453e-13
4.68101585753e-13
1.93714888775e-23
1.44454937778
1.3707984499
0.343269105358
0.268343956309
0.343269105358
1.44777426973
6.88773128063e-10
0.268343956309
6.88773128063e-10
1.45686039476
0.00323508108355
0.0109051739116
0.052243335175
0.73916495456
1.02217523879e-06
0.340969644102
0.0208005000932
0.144443087153
0.0997154883665
0.179112158036
0.000124003613575
1.50306055791e-05
3.33981504515e-17
1.5569652404e-19
5.26702555508e-16
0.0523241450416
4.22725946356e-32
0.636266965092
0.908775228255
0.174356037006
0.0374450832738
0.0679077078122
7.99172430738e-05
0.292402124742
0.147598335692
0.477187820401
0.13284278274
0.399131145513
0.00691334990728
8.17662255452e-08
0.178843825351
3.73009547208e-12
7.65718860244e-16
3.25603278495e-15
2.05128677161e-26
1.1456635603
1.47090818112
0.145252646042
0.457022018983
0.100440733192
0.00141522599121
9.02236271125e-13
0.145252646042
1.4372104554
0.53303958369
0.108628846262
0.627238322929
6.10594117109e-12
0.457022018983
0.53303958369
1.16501765848
0.287070263578
0.0308235015299
3.67434418686e-10
0.100440733192
0.108628846262
0.287070263578
1.36200336418
0.000204717029814
0.209367783845
0.00141522599121
0.627238322929
0.0308235015299
0.000204717029814
1.36321406203
5.24588992039e-22
9.02236271125e-13
6.10594117109e-12
3.67434418686e-10
0.209367783845
5.24588992039e-22
1.4328175157
0.0218615512861
0.209820071982
1.05969352404
0.0351456566923
0.00090323789602
1.57671857083e-14
0.0296954756614
0.337940092268
0.185757945677
0.741154344934
0.515459854472
1.46715858624e-16
0.127179719519
0.610927078912
0.449076468721
0.311792313978
0.0942909729177
3.75648503669e-13
0.755994314784
0.265143586929
0.180643151078
0.118761319251
0.000821030336114
0.0935882685059
8.95117571377e-06
0.000787322173613
0.00269409731896
0.217392610948
0.189696769305
4.57170214902e-28
0.182650953894
1.76115722733e-07
9.19845155958e-10
8.70263082775e-09
2.61704514577e-17
0.54232065714
1.3721826651
0.289505910479
0.0996112211282
0.108698268322
0.000288979751384
0.266585078225
0.289505910479
1.16404539471
0.455530917563
0.534463526681
0.0293299273602
7.54630811686e-10
0.0996112211282
0.455530917563
1.45844682424
0.149857997667
0.00103812706257
5.3549795693e-13
0.108698268322
0.534463526681
0.149857997667
1.43851457109
0.626270047909
1.13367370069e-12
0.000288979751384
0.0293299273602
0.00103812706257
0.626270047909
1.36404501941
6.74302486229e-23
0.266585078225
7.54630811686e-10
5.3549795693e-13
1.13367370069e-12
6.74302486229e-23
1.45576029909
../test_output/P39900_brics_KN_candidate_bioisosteres/ already exists.
no pairs: 120
